1002 300
0.0426745 0.375193
0.0472721 0.376333
0.0522289 0.381389
0.0567199 0.377444
0.0608399 0.375769
0.0638197 0.373361
0.0548449 0.368333
0.0519416 0.371667
0.0489022 0.366667
0.0456943 0.362857
0.0418253 0.362972
0.0512309 0.358333
0.0547541 0.358636
0.058849 0.364556
0.0632793 0.362758
0.0652074 0.354242
0.0607535 0.350833
0.0572427 0.350714
0.0535468 0.347564
0.0487103 0.35141
0.044795 0.351154
0.041419 0.350014
0.0457721 0.34197
0.0503992 0.34
0.0423842 0.335978
0.0466375 0.332436
0.0530861 0.328077
0.0499002 0.325952
0.0455448 0.321548
0.0497168 0.313991
0.0542152 0.312836
0.0626145 0.306706
0.0665981 0.307581
0.066942 0.318369
0.0627744 0.319667
0.0591941 0.317292
0.0563872 0.323333
0.065136 0.329514
0.0614438 0.334556
0.0584545 0.335476
0.0551589 0.337051
0.0644009 0.342747
0.0993161 0.349939
0.101971 0.340849
0.0981484 0.33765
0.103805 0.309873
0.108271 0.310463
0.106204 0.301648
0.110015 0.29828
0.101329 0.297173
0.104648 0.291429
0.101238 0.284214
0.107669 0.286282
0.112624 0.287521
0.110862 0.279167
0.114583 0.273958
0.117638 0.278299
0.121712 0.271147
0.118995 0.264778
0.114154 0.260098
0.110894 0.267051
0.107419 0.273
0.10373 0.27625
0.0988083 0.269975
0.0961927 0.257965
0.0997006 0.256333
0.103235 0.262843
0.10741 0.259375
0.109852 0.252143
0.104291 0.249444
0.0995808 0.245964
0.101809 0.235875
0.105689 0.237
0.109531 0.240625
0.114895 0.232083
0.110778 0.227407
0.106953 0.225444
0.102797 0.224052
0.104623 0.214006
0.107898 0.210062
0.110745 0.205779
0.113884 0.20255
0.117259 0.207116
0.120881 0.213615
0.113149 0.217083
0.1168 0.220556
0.11986 0.227
0.123323 0.225493
0.126911 0.225936
0.130104 0.23351
0.12548 0.238077
0.121756 0.24
0.117864 0.240333
0.113662 0.245741
0.117665 0.253
0.121543 0.252857
0.124292 0.257174
0.12703 0.247548
0.130294 0.245792
0.14816 0.254493
0.151281 0.253889
0.155957 0.254231
0.159581 0.254778
0.163041 0.257222
0.166766 0.253
0.170293 0.251889
0.17515 0.253333
0.180639 0.243333
0.176852 0.241275
0.172488 0.242556
0.166859 0.241667
0.162675 0.243333
0.158317 0.241889
0.153978 0.24619
0.150012 0.241018
0.151143 0.230625
0.154391 0.232778
0.158683 0.230714
0.162774 0.230333
0.166453 0.229524
0.169848 0.231458
0.173799 0.230098
0.180635 0.23072
0.177557 0.22402
0.173553 0.217
0.169661 0.216667
0.165669 0.216667
0.161119 0.219118
0.156039 0.220933
0.15794 0.207122
0.161677 0.206667
0.165569 0.203667
0.169631 0.202843
0.173296 0.202619
0.179741 0.193667
0.175524 0.192292
0.171275 0.189706
0.166604 0.191667
0.161365 0.194387
0.164863 0.183344
0.170111 0.178779
0.174871 0.176019
0.177683 0.182692
0.180586 0.177037
0.18488 0.178947
0.188767 0.189505
0.183427 0.192059
0.186983 0.19881
0.191695 0.204985
0.189045 0.208846
0.183897 0.206961
0.179607 0.206556
0.176547 0.209
0.181716 0.217644
0.186912 0.217143
0.191629 0.22164
0.188483 0.230235
0.191016 0.23716
0.189682 0.249271
0.182266 0.256707
0.179142 0.256667
0.172079 0.262692
0.176231 0.264444
0.180073 0.269222
0.182506 0.276679
0.179499 0.284269
0.176261 0.291002
0.172468 0.287292
0.167075 0.285303
0.164109 0.280208
0.169546 0.279615
0.176433 0.276667
0.172923 0.273718
0.168778 0.268077
0.165784 0.266282
0.162247 0.270714
0.159335 0.271667
0.156473 0.26619
0.153051 0.265714
0.149807 0.26808
0.152543 0.279161
0.15652 0.280556
0.159681 0.286667
0.154841 0.291204
0.162774 0.293667
0.166398 0.295769
0.170017 0.298333
0.173339 0.30181
0.168164 0.306667
0.162888 0.305476
0.158683 0.3
0.154267 0.302477
0.153779 0.314742
0.157934 0.312708
0.161463 0.316667
0.165954 0.31381
0.171262 0.315918
0.169811 0.329157
0.167415 0.324722
0.16399 0.324394
0.156819 0.325621
0.160438 0.332451
0.165018 0.335224
0.151553 0.371133
0.217297 0.387568
0.219988 0.39578
0.223732 0.392053
0.226673 0.381442
0.221997 0.380882
0.218207 0.375917
0.219889 0.366572
0.224463 0.367941
0.228871 0.369238
0.233682 0.365606
0.231115 0.359103
0.236458 0.354623
0.233818 0.34619
0.229826 0.349762
0.226165 0.355392
0.221272 0.356429
0.217072 0.353425
0.223865 0.345625
0.219649 0.342059
0.21558 0.339988
0.223387 0.334111
0.228396 0.338333
0.232435 0.335445
0.236839 0.337708
0.240401 0.336319
0.241592 0.323505
0.238423 0.321444
0.235173 0.324286
0.231038 0.323333
0.227046 0.327857
0.220981 0.326026
0.21728 0.329762
0.214159 0.323721
0.218278 0.317143
0.22485 0.319
0.222189 0.311889
0.21603 0.308008
0.220444 0.302692
0.226247 0.304333
0.228776 0.311889
0.232564 0.31049
0.236427 0.309667
0.241267 0.310312
0.261504 0.318278
0.261478 0.308794
0.240216 0.299454
0.236465 0.295833
0.232343 0.29859
0.228686 0.294286
0.223985 0.295889
0.218379 0.295276
0.22213 0.286171
0.225875 0.282087
0.228986 0.276464
0.232703 0.272681
0.237023 0.276713
0.234887 0.284286
0.231652 0.287051
0.239784 0.287362
0.252835 0.278585
0.258568 0.275093
0.262584 0.273088
0.254524 0.268556
0.2507 0.270048
0.247016 0.263261
0.243804 0.254736
0.245547 0.245513
0.2498 0.242778
0.241621 0.240696
0.245509 0.233333
0.249501 0.23
0.241539 0.225758
0.245164 0.221154
0.248859 0.21619
0.243021 0.210158
0.246189 0.209848
0.247396 0.200043
0.251385 0.199697
0.254737 0.20524
0.251853 0.214048
0.257282 0.214621
0.25393 0.223958
0.259327 0.226087
0.25681 0.235196
0.253279 0.237143
0.260742 0.242808
0.257271 0.25
0.253909 0.249444
0.248503 0.253333
0.251782 0.257619
0.2572 0.262619
0.260743 0.258137
0.263966 0.257769
0.297151 0.271614
0.300989 0.268939
0.306554 0.275889
0.302562 0.276667
0.299263 0.283217
0.304114 0.288148
0.308757 0.28625
0.311805 0.280952
0.314604 0.273889
0.318263 0.273
0.322647 0.269226
0.320796 0.257708
0.317265 0.260333
0.313719 0.261154
0.31045 0.268095
0.307285 0.263
0.303759 0.261444
0.299529 0.258619
0.302402 0.248347
0.306886 0.25
0.311344 0.253222
0.3168 0.247889
0.313373 0.242619
0.309727 0.240128
0.306349 0.236538
0.303749 0.234493
0.308828 0.225779
0.314133 0.222162
0.312644 0.230897
0.317143 0.232222
0.321255 0.227077
0.32551 0.224776
0.329129 0.23001
0.332729 0.235033
0.325715 0.236333
0.31986 0.241667
0.322989 0.242778
0.327141 0.248549
0.330506 0.243444
0.335813 0.243824
0.334394 0.253542
0.330186 0.25676
0.338464 0.258349
0.332133 0.266167
0.336212 0.266282
0.339301 0.274189
0.333785 0.276311
0.324348 0.28072
0.320592 0.282778
0.316866 0.286667
0.313944 0.292381
0.320193 0.295278
0.324788 0.292459
0.334927 0.287832
0.338324 0.285833
0.338962 0.300808
0.336457 0.302144
0.326555 0.303349
0.322163 0.303462
0.317265 0.301889
0.311144 0.299444
0.30733 0.29963
0.301772 0.296841
0.30463 0.307649
0.314086 0.307619
0.31009 0.314825
0.306297 0.318736
0.307489 0.330323
0.311818 0.328922
0.316652 0.329524
0.323383 0.338333
0.319361 0.339074
0.315164 0.342059
0.311235 0.340714
0.307417 0.343333
0.311235 0.353095
0.307689 0.356121
0.3054 0.367723
0.293547 0.37457
0.310085 0.379004
0.309103 0.370693
0.313935 0.358304
0.317626 0.35475
0.321066 0.354284
0.324427 0.350918
0.327707 0.347004
0.328518 0.336013
0.325915 0.327667
0.321794 0.325417
0.314371 0.319286
0.318018 0.318077
0.320359 0.312778
0.324236 0.313718
0.327763 0.317412
0.337538 0.316421
0.35898 0.314398
0.363606 0.314722
0.368976 0.31381
0.378743 0.318611
0.384065 0.321944
0.38637 0.329048
0.3902 0.331673
0.380815 0.327308
0.376132 0.323462
0.372398 0.320952
0.368846 0.326111
0.365412 0.324048
0.361393 0.323718
0.358978 0.330164
0.361125 0.338296
0.365651 0.336373
0.370972 0.33381
0.375211 0.333718
0.378814 0.337381
0.383234 0.338333
0.387259 0.342111
0.39048 0.348531
0.384496 0.352451
0.380097 0.347619
0.376247 0.352143
0.373886 0.344778
0.369948 0.344792
0.362915 0.348103
0.366152 0.350385
0.369216 0.355606
0.362955 0.364518
0.366035 0.363889
0.371471 0.361429
0.375134 0.362949
0.379807 0.359222
0.387965 0.359127
0.383226 0.365721
0.378142 0.370506
0.372601 0.372436
0.368297 0.372778
0.361162 0.375925
0.364414 0.379048
0.375016 0.381392
0.371044 0.383333
0.367381 0.386282
0.362173 0.389573
0.365181 0.396537
0.369261 0.397381
0.372687 0.393623
0.379273 0.41065
0.375536 0.410896
0.375542 0.422428
0.379127 0.422954
0.413307 0.415884
0.416667 0.414955
0.419972 0.414118
0.42344 0.409034
0.426567 0.400694
0.422156 0.397381
0.418428 0.400098
0.413579 0.402676
0.416068 0.389667
0.412626 0.387846
0.420306 0.385196
0.425265 0.389615
0.429153 0.386537
0.426932 0.376667
0.42351 0.378333
0.416667 0.377083
0.413199 0.37226
0.421503 0.370385
0.418929 0.363889
0.415941 0.362576
0.413903 0.355769
0.419814 0.351154
0.41705 0.345769
0.413335 0.344713
0.413224 0.334466
0.417166 0.335
0.421158 0.339286
0.42525 0.333667
0.421022 0.328636
0.416809 0.325238
0.411873 0.323477
0.414172 0.317667
0.417665 0.313333
0.414517 0.30782
0.410382 0.308115
0.397517 0.314461
0.388473 0.31625
0.385016 0.31
0.381737 0.310641
0.37838 0.308636
0.374501 0.310556
0.371543 0.304286
0.366579 0.305625
0.362544 0.304231
0.36058 0.298115
0.366205 0.29375
0.363944 0.286314
0.368223 0.279479
0.372089 0.278333
0.37607 0.271708
0.379996 0.268824
0.383376 0.272857
0.385313 0.26553
0.389287 0.269538
0.392101 0.277051
0.388018 0.282059
0.384398 0.284556
0.380239 0.283333
0.376516 0.282436
0.374323 0.290476
0.37016 0.293
0.375582 0.3
0.378743 0.296667
0.382236 0.296667
0.386428 0.297946
0.393976 0.298824
0.396994 0.299365
0.391161 0.289715
0.395058 0.285728
0.406622 0.280853
0.410367 0.27875
0.415811 0.278095
0.42006 0.274778
0.423422 0.279615
0.427083 0.280833
0.430639 0.276667
0.434477 0.274231
0.441003 0.275769
0.445433 0.265588
0.441018 0.263667
0.437292 0.265
0.432568 0.264111
0.427312 0.267444
0.423368 0.266667
0.417166 0.266667
0.413174 0.268333
0.40524 0.271048
0.408564 0.266067
0.410469 0.257148
0.415606 0.255833
0.420326 0.259222
0.429569 0.257619
0.434086 0.254394
0.42576 0.253889
0.422194 0.248846
0.418397 0.246111
0.412874 0.247666
0.415869 0.23768
0.418896 0.22813
0.42284 0.222724
0.426366 0.216695
0.429981 0.214479
0.434645 0.208149
0.438908 0.209048
0.440583 0.201209
0.444499 0.205424
0.446867 0.216252
0.441728 0.218519
0.436841 0.219048
0.4331 0.221222
0.438357 0.230111
0.443875 0.229561
0.448069 0.230025
0.448583 0.243338
0.44521 0.243
0.440806 0.239167
0.434473 0.234825
0.429973 0.231667
0.426085 0.230417
0.421657 0.236667
0.425956 0.241667
0.43075 0.24537
0.436275 0.247549
0.439906 0.25
0.443684 0.25381
0.448196 0.256855
0.458232 0.256998
0.461177 0.259049
0.464475 0.262631
0.455934 0.264766
0.462409 0.271111
0.459197 0.273718
0.464037 0.279784
0.459933 0.286101
0.455995 0.277824
0.447728 0.277143
0.444079 0.279444
0.438024 0.281889
0.433996 0.284697
0.430715 0.289615
0.428824 0.296818
0.425506 0.294048
0.421942 0.29
0.418279 0.287051
0.41334 0.287444
0.408931 0.292431
0.412493 0.298939
0.416168 0.296667
0.419304 0.301429
0.42294 0.303333
0.427798 0.306538
0.432701 0.302111
0.438546 0.300641
0.435562 0.294111
0.441062 0.292037
0.445656 0.290858
0.444726 0.30333
0.441284 0.309222
0.436849 0.311481
0.431637 0.313333
0.425195 0.312879
0.420925 0.315667
0.423985 0.3225
0.428144 0.320714
0.431637 0.325667
0.435398 0.320897
0.442106 0.319015
0.439413 0.32764
0.434298 0.330833
0.429308 0.333445
0.436996 0.336997
0.433375 0.343092
0.428206 0.345
0.424366 0.346667
0.430204 0.353086
0.422731 0.358077
0.426148 0.361667
0.429574 0.367889
0.443857 0.366523
0.445524 0.360634
0.498865 0.343964
0.501482 0.333449
0.498079 0.331525
0.512835 0.302852
0.516615 0.304729
0.519454 0.308463
0.522789 0.308834
0.526239 0.307087
0.529664 0.306992
0.534253 0.302871
0.539554 0.303222
0.536796 0.310862
0.539342 0.317189
0.543236 0.317514
0.547858 0.31008
0.544012 0.306333
0.550385 0.297242
0.547263 0.29619
0.544411 0.291429
0.541132 0.293333
0.537363 0.288542
0.534068 0.291364
0.530582 0.296667
0.524921 0.295784
0.519648 0.293958
0.514538 0.293
0.509658 0.292128
0.50703 0.28164
0.512586 0.280741
0.517532 0.283667
0.522241 0.284286
0.525715 0.282778
0.529375 0.286778
0.533551 0.279706
0.528277 0.275
0.531188 0.269444
0.534716 0.266667
0.527829 0.263718
0.523919 0.268111
0.520744 0.273333
0.516667 0.272778
0.512974 0.267381
0.509015 0.271222
0.505822 0.266177
0.510013 0.257889
0.506582 0.25368
0.50821 0.243345
0.51156 0.243056
0.51497 0.239286
0.510645 0.231994
0.514327 0.226502
0.517374 0.227121
0.521324 0.225222
0.524298 0.225
0.527246 0.218556
0.518925 0.215944
0.522749 0.209719
0.526278 0.204435
0.529958 0.198376
0.533745 0.201875
0.536803 0.199661
0.540042 0.20602
0.530306 0.209889
0.533683 0.216458
0.53771 0.214762
0.542639 0.215968
0.544989 0.228749
0.540818 0.227
0.536677 0.226875
0.53024 0.225667
0.533077 0.232381
0.526831 0.233718
0.519528 0.237
0.523453 0.240238
0.529895 0.239545
0.535857 0.239762
0.542016 0.240333
0.545163 0.245179
0.539047 0.243542
0.534697 0.251444
0.531188 0.248056
0.527179 0.248111
0.521742 0.250952
0.51775 0.247857
0.513396 0.252692
0.516182 0.26
0.519817 0.260714
0.524912 0.256026
0.531271 0.258056
0.538012 0.258725
0.541683 0.256556
0.546094 0.26075
0.543247 0.265556
0.549157 0.270764
0.543413 0.275
0.538236 0.272917
0.540633 0.280952
0.546407 0.279444
0.550132 0.283752
0.594332 0.289663
0.598802 0.29
0.603754 0.292179
0.601116 0.297727
0.596307 0.298333
0.5935 0.305625
0.598611 0.306795
0.602723 0.309048
0.605904 0.303718
0.608616 0.296556
0.61334 0.297444
0.618397 0.298556
0.622754 0.299286
0.627183 0.301042
0.623669 0.310833
0.620029 0.309615
0.615884 0.307051
0.612418 0.310714
0.609281 0.31
0.606211 0.316026
0.600632 0.318056
0.596744 0.3175
0.593313 0.320641
0.595767 0.331989
0.600306 0.338254
0.605245 0.33515
0.600299 0.328333
0.605023 0.324778
0.610022 0.324787
0.614884 0.320227
0.619091 0.320516
0.624173 0.319938
0.627836 0.312964
0.631454 0.309586
0.644721 0.314522
0.644865 0.305507
0.634495 0.300536
0.630838 0.296333
0.637212 0.292217
0.639039 0.283164
0.634374 0.285238
0.630738 0.283333
0.626604 0.289286
0.622655 0.287
0.619262 0.286667
0.615982 0.286667
0.611777 0.288333
0.609365 0.282778
0.605913 0.283542
0.601297 0.281222
0.596783 0.279427
0.599071 0.270385
0.603008 0.27
0.60662 0.268889
0.611111 0.273333
0.6142 0.274524
0.617266 0.271667
0.620188 0.272143
0.623669 0.275278
0.626862 0.277564
0.630173 0.270778
0.635562 0.274111
0.64064 0.273086
0.638423 0.264333
0.633234 0.265
0.626514 0.262778
0.622968 0.263333
0.61904 0.256667
0.614389 0.259314
0.610092 0.262708
0.602096 0.259
0.597543 0.260527
0.598873 0.247402
0.602167 0.245342
0.605888 0.253
0.60988 0.250333
0.613978 0.247353
0.607132 0.24141
0.61003 0.234167
0.61289 0.231923
0.616344 0.239103
0.619438 0.242647
0.62287 0.236282
0.626862 0.233718
0.63093 0.232692
0.633733 0.229444
0.636798 0.224286
0.633171 0.217292
0.628431 0.222708
0.623752 0.224048
0.620259 0.226026
0.616866 0.227
0.61365 0.22048
0.617751 0.213913
0.621847 0.211323
0.625321 0.21119
0.628643 0.210333
0.631879 0.205714
0.634256 0.198353
0.639606 0.200956
0.636727 0.208333
0.642807 0.212109
0.63997 0.218333
0.644332 0.227606
0.641678 0.231154
0.638756 0.236111
0.635167 0.241042
0.630173 0.243667
0.625864 0.244744
0.623187 0.250778
0.628956 0.255238
0.632834 0.253667
0.636228 0.253974
0.642811 0.259004
0.639658 0.250833
0.64341 0.243307
0.681889 0.240139
0.685529 0.240333
0.688837 0.233333
0.681547 0.225802
0.685504 0.225833
0.689621 0.220714
0.682808 0.212815
0.686891 0.211667
0.690761 0.205714
0.685066 0.201003
0.688951 0.195649
0.693647 0.197418
0.696105 0.20667
0.692883 0.215513
0.699238 0.216442
0.696652 0.219545
0.695263 0.227051
0.699869 0.231987
0.692468 0.233627
0.696284 0.241078
0.70322 0.248581
0.699701 0.247
0.69338 0.249444
0.689474 0.246765
0.684826 0.253713
0.68878 0.259664
0.692914 0.262778
0.696507 0.258111
0.699716 0.260128
0.704612 0.260431
0.70259 0.266096
0.700533 0.273685
0.696108 0.272302
0.691634 0.273302
0.701604 0.305477
0.701607 0.31458
0.746618 0.319653
0.750811 0.317292
0.754931 0.322843
0.751131 0.329667
0.747524 0.333298
0.751233 0.345196
0.747424 0.346366
0.748465 0.358077
0.745227 0.360057
0.743155 0.369922
0.747538 0.371222
0.751069 0.375
0.753224 0.382949
0.74847 0.387222
0.745366 0.381905
0.739333 0.375693
0.735715 0.380128
0.741957 0.385784
0.737792 0.391661
0.740332 0.400609
0.742812 0.409016
0.746427 0.412022
0.750023 0.417449
0.753691 0.41375
0.757076 0.409429
0.759194 0.399275
0.753839 0.40141
0.749468 0.402778
0.745121 0.397407
0.751497 0.393333
0.756065 0.392692
0.760062 0.386394
0.756372 0.379615
0.759708 0.373312
0.755389 0.367
0.751684 0.362292
0.758465 0.359803
0.754606 0.353718
0.757699 0.346667
0.760974 0.34398
0.754491 0.338333
0.758219 0.332451
0.762503 0.331206
0.760097 0.319706
0.764055 0.319496
0.763473 0.308333
0.760113 0.304778
0.756674 0.31125
0.752495 0.306667
0.748618 0.305769
0.745397 0.307554
0.743095 0.297395
0.74739 0.294231
0.750614 0.293205
0.754724 0.297222
0.757784 0.296667
0.763684 0.296679
0.760057 0.289615
0.763021 0.283988
0.758445 0.277821
0.755703 0.282143
0.752528 0.283889
0.748403 0.280333
0.744511 0.285952
0.740782 0.286052
0.739335 0.276385
0.743953 0.274216
0.737225 0.267667
0.741402 0.263718
0.745758 0.262917
0.739398 0.255349
0.742681 0.251944
0.746008 0.251
0.743253 0.242212
0.748142 0.241882
0.752306 0.24335
0.755878 0.250267
0.749386 0.253718
0.75278 0.257619
0.759235 0.262824
0.756142 0.265
0.749472 0.268529
0.753148 0.270128
0.761464 0.273361
0.777754 0.279048
0.774659 0.283865
0.780311 0.286935
0.774148 0.295276
0.77676 0.299375
0.780158 0.299098
0.812782 0.299847
0.816166 0.291103
0.82054 0.290703
0.824404 0.298765
0.820495 0.301364
0.817042 0.305588
0.813587 0.312857
0.810281 0.31545
0.817365 0.32
0.820321 0.313462
0.823453 0.315222
0.826463 0.320897
0.830055 0.315485
0.827037 0.307174
0.834316 0.308939
0.838208 0.309615
0.841663 0.313462
0.851522 0.316402
0.855172 0.316319
0.854519 0.303595
0.839325 0.299192
0.842866 0.297722
0.851765 0.295007
0.865962 0.287051
0.868762 0.283333
0.871987 0.283718
0.87679 0.280414
0.872601 0.273462
0.866072 0.273293
0.869162 0.267444
0.87508 0.266559
0.865226 0.261594
0.871133 0.257292
0.874591 0.253187
0.86739 0.250208
0.863891 0.249548
0.871257 0.244048
0.867995 0.237051
0.864136 0.235189
0.869409 0.228137
0.872942 0.228125
0.876683 0.225441
0.880757 0.228869
0.884408 0.234724
0.878743 0.236667
0.874884 0.239889
0.877926 0.247424
0.882735 0.243333
0.886841 0.248942
0.880826 0.252924
0.884065 0.257667
0.888123 0.264703
0.883919 0.268289
0.886551 0.276642
0.887277 0.287708
0.878443 0.294838
0.874485 0.292778
0.870226 0.296556
0.867064 0.300481
0.872601 0.304487
0.876123 0.308333
0.880112 0.307558
0.872089 0.315278
0.867669 0.313078
0.865922 0.326731
0.869761 0.324744
0.874002 0.323889
0.877459 0.32
0.8809 0.321031
0.92 0.326785
0.924477 0.326619
0.917979 0.338745
0.922189 0.337889
0.926359 0.338753
0.92436 0.350998
0.920279 0.350359
0.876739 0.332475
0.872098 0.335375
0.867948 0.337283
0.864508 0.345503
0.867681 0.350663
0.865905 0.361416
0.862948 0.362433
0.853127 0.359749
0.8502 0.364333
0.846903 0.363144
0.849468 0.350145
0.853456 0.345025
0.85019 0.336466
0.852721 0.328803
0.840435 0.324744
0.836903 0.320897
0.833986 0.323718
0.830553 0.326667
0.826775 0.332381
0.821739 0.327941
0.818078 0.333095
0.814272 0.327
0.810395 0.329257
0.813242 0.338745
0.817153 0.343788
0.821134 0.343777
0.827179 0.345833
0.824083 0.338846
0.830339 0.339286
0.834231 0.336333
0.838609 0.33381
0.837658 0.343611
0.83602 0.352768
0.832549 0.35
0.828709 0.355667
0.824342 0.355204
0.825389 0.366568
0.831504 0.3625
0.834498 0.366556
0.829653 0.371875
0.82457 0.377265
0.807892 0.377446
0.805836 0.387647
0.809251 0.388152
0.825476 0.389853
0.82853 0.385208
0.831836 0.383333
0.834631 0.380778
0.845132 0.374796
0.84921 0.375678
0.844939 0.384957
0.842083 0.389907
0.838116 0.389743
0.841231 0.402171
0.837026 0.400778
0.83289 0.396481
0.829175 0.401667
0.825402 0.403255
0.822869 0.411702
0.834264 0.411373
0.837598 0.412896
0.831484 0.41598
0.827199 0.416765
0.822305 0.423719
0.83069 0.428261
0.827724 0.432698
0.824665 0.43228
0.87799 0.593081
0.88002 0.595536
0.882391 0.594828
0.876682 0.5979
0.873401 0.59703
0.874917 0.602222
0.872255 0.605
0.870131 0.605302
0.86808 0.610338
0.873919 0.609444
0.876746 0.608333
0.87974 0.603333
0.88302 0.601667
0.885173 0.600972
0.887408 0.603217
0.889354 0.611774
0.887012 0.61119
0.883932 0.610333
0.881737 0.608333
0.879541 0.610333
0.877744 0.614167
0.88024 0.616667
0.882735 0.616667
0.885329 0.615667
0.891093 0.619036
0.889222 0.62
0.887225 0.62
0.885729 0.624444
0.88261 0.624583
0.87974 0.623333
0.877545 0.619667
0.87525 0.618333
0.872754 0.617381
0.870473 0.614524
0.867671 0.617275
0.865641 0.622293
0.869361 0.624333
0.871257 0.625
0.873752 0.625
0.877079 0.627222
0.87974 0.63
0.875463 0.631667
0.872754 0.632619
0.870046 0.635476
0.868363 0.631
0.866766 0.627667
0.864304 0.63138
0.866766 0.637381
0.862677 0.638913
0.86477 0.640833
0.86805 0.645
0.87026 0.645
0.872255 0.641667
0.874251 0.64
0.876347 0.639
0.878743 0.636667
0.882236 0.635
0.885562 0.637778
0.887525 0.633667
0.884731 0.63
0.888847 0.627917
0.891441 0.627543
0.892296 0.63434
0.890519 0.637
0.88801 0.641667
0.890319 0.644333
0.892163 0.64485
0.891276 0.653985
0.889222 0.651667
0.887012 0.651667
0.883899 0.652222
0.87994 0.650333
0.882136 0.647667
0.885529 0.646333
0.883732 0.641667
0.880572 0.642222
0.878244 0.645
0.876148 0.647667
0.874251 0.646667
0.871923 0.651111
0.874251 0.653333
0.877345 0.654333
0.87974 0.656667
0.882236 0.656667
0.885562 0.658889
0.887924 0.660333
0.890156 0.661267
0.898893 0.662279
0.900332 0.657826
0.902096 0.657667
0.904591 0.657657
0.906731 0.663726
0.903526 0.664445
0.90153 0.667778
0.897486 0.668468
0.899701 0.671667
0.905932 0.67083
0.903693 0.674444
0.906915 0.67916
0.904765 0.687346
0.901607 0.688411
0.899044 0.684832
0.903407 0.681667
0.900984 0.678333
0.897678 0.677659
0.88645 0.675955
0.883733 0.676667
0.880938 0.677
0.883523 0.682935
0.88085 0.684519
0.877911 0.684444
0.878916 0.690239
0.875471 0.69024
0.871609 0.690237
0.872921 0.685556
0.869064 0.68488
0.866816 0.680353
0.871158 0.681
0.87495 0.683
0.877412 0.677778
0.87475 0.675952
0.872588 0.673889
0.869561 0.676333
0.864177 0.671759
0.866267 0.671667
0.86843 0.671111
0.870758 0.666667
0.873753 0.666667
0.876746 0.67
0.879241 0.671667
0.881238 0.67
0.883533 0.670333
0.888374 0.668244
0.885729 0.667381
0.882877 0.662619
0.87974 0.663333
0.876946 0.663667
0.875582 0.658889
0.872754 0.659286
0.868596 0.661111
0.866766 0.662333
0.864571 0.663667
0.862389 0.659218
0.864913 0.655952
0.869927 0.655556
0.867432 0.652222
0.864646 0.647917
0.862295 0.648349
0.792713 0.660749
0.784066 0.63328
0.781166 0.599601
0.782987 0.590445
0.780369 0.587119
0.785825 0.590206
0.788012 0.585981
0.789374 0.578211
0.786801 0.577917
0.784306 0.580833
0.781537 0.581
0.779701 0.57777
0.782934 0.575
0.779587 0.569058
0.781437 0.57
0.784057 0.567917
0.786427 0.57
0.788684 0.568789
0.786612 0.56192
0.783941 0.560075
0.781398 0.562501
0.705482 0.538321
0.703427 0.538889
0.702096 0.533333
0.704222 0.529134
0.701836 0.525627
0.699409 0.528425
0.697637 0.535118
0.699501 0.537667
0.700931 0.542222
0.697643 0.543267
0.699282 0.548825
0.704472 0.547307
0.70269 0.547623
0.701457 0.551655
0.700719 0.579702
0.704338 0.582001
0.70193 0.585556
0.697955 0.583113
0.695945 0.589089
0.699227 0.58875
0.703294 0.590333
0.705688 0.589011
0.707551 0.588612
0.709182 0.593118
0.706088 0.596667
0.703219 0.59875
0.700931 0.595556
0.698503 0.597667
0.696393 0.598333
0.693807 0.595824
0.692524 0.605301
0.69491 0.603667
0.6999 0.603
0.697937 0.607778
0.701264 0.607778
0.703593 0.606667
0.706088 0.603333
0.708483 0.601
0.710713 0.60315
0.709082 0.608333
0.710565 0.614793
0.707485 0.612333
0.705375 0.611667
0.703493 0.615667
0.701697 0.615667
0.699601 0.615
0.696939 0.615556
0.69511 0.610714
0.692153 0.613834
0.694112 0.618333
0.69252 0.622324
0.695309 0.623667
0.697705 0.622333
0.699268 0.625
0.702221 0.624583
0.705422 0.621111
0.708084 0.62
0.710282 0.62475
0.707751 0.627778
0.70509 0.628333
0.700898 0.630333
0.696307 0.629667
0.693216 0.630658
0.695509 0.634333
0.698902 0.633667
0.703593 0.635
0.708884 0.634522
0.706088 0.636667
0.706765 0.643784
0.704291 0.643
0.701597 0.638333
0.698902 0.639667
0.694526 0.640621
0.696608 0.641659
0.69985 0.645
0.701896 0.646333
0.704048 0.649821
0.701055 0.652695
0.69792 0.648995
0.632143 0.660656
0.630438 0.665935
0.628115 0.667171
0.626294 0.660692
0.629242 0.656667
0.632119 0.652725
0.630215 0.647476
0.627859 0.647762
0.62631 0.652674
0.6159 0.65254
0.613772 0.651667
0.611277 0.650714
0.608283 0.65
0.60509 0.650333
0.60242 0.65125
0.60509 0.656333
0.608996 0.656429
0.612496 0.659081
0.609231 0.663052
0.606562 0.661512
0.603949 0.662526
0.601556 0.660286
0.599982 0.655769
0.598969 0.650556
0.596759 0.648479
0.600299 0.642619
0.603293 0.643333
0.606121 0.644444
0.608782 0.643333
0.611563 0.643571
0.615436 0.644444
0.617642 0.64427
0.61344 0.638889
0.615394 0.634583
0.618103 0.635349
0.619431 0.628778
0.616267 0.626667
0.613273 0.625
0.609281 0.623333
0.604957 0.625556
0.602894 0.624333
0.605456 0.618889
0.607452 0.617222
0.611444 0.617778
0.613872 0.617667
0.616267 0.62
0.618873 0.622246
0.619305 0.615474
0.616267 0.612619
0.618371 0.607916
0.614072 0.609667
0.611876 0.609
0.60978 0.611667
0.607285 0.61
0.604624 0.606111
0.606786 0.603333
0.608782 0.601667
0.610679 0.602333
0.614072 0.603667
0.61705 0.603018
0.61683 0.596241
0.61487 0.597667
0.612442 0.597778
0.609424 0.592619
0.611527 0.591667
0.614352 0.590651
0.612367 0.586572
0.608408 0.587083
0.605508 0.588232
0.603461 0.592257
0.601521 0.595788
0.606287 0.596667
0.60346 0.601111
0.599605 0.601208
0.601464 0.605555
0.597926 0.609039
0.599701 0.611
0.603959 0.613889
0.601582 0.615
0.597139 0.616371
0.598503 0.620333
0.600699 0.622333
0.596096 0.625227
0.598902 0.627667
0.597305 0.631667
0.601297 0.63
0.604541 0.6325
0.607285 0.629286
0.611705 0.629286
0.610945 0.635556
0.608882 0.635667
0.606886 0.637667
0.604092 0.637
0.601497 0.636333
0.598303 0.639167
0.59575 0.637331
0.505478 0.674927
0.502502 0.674927
0.503892 0.669
0.501406 0.666144
0.507015 0.66581
0.50509 0.664333
0.502823 0.658522
0.505575 0.656981
0.499078 0.618385
0.496658 0.618622
0.494935 0.614483
0.50099 0.614947
0.503139 0.613408
0.504374 0.605747
0.501497 0.606667
0.499002 0.608333
0.49684 0.608889
0.496067 0.602061
0.498337 0.599444
0.500333 0.597778
0.502695 0.600333
0.505688 0.598732
0.505457 0.59172
0.502495 0.593333
0.49722 0.591667
0.5 0.588333
0.503493 0.586667
0.505887 0.581983
0.503992 0.58
0.501697 0.581667
0.498902 0.581
0.497006 0.581667
0.501331 0.575556
0.503865 0.572672
0.501406 0.566874
0.497315 0.566365
0.499358 0.570248
0.497305 0.573667
0.433534 0.579543
0.431787 0.572336
0.429487 0.570552
0.427395 0.571667
0.425815 0.567778
0.42237 0.568333
0.42006 0.565
0.417465 0.560333
0.419461 0.559667
0.422455 0.559667
0.424484 0.562222
0.42857 0.563479
0.42614 0.557972
0.422476 0.554023
0.419402 0.553254
0.416108 0.556615
0.413755 0.556859
0.411453 0.562008
0.409042 0.566276
0.413797 0.565417
0.416542 0.56875
0.419328 0.571111
0.413922 0.5725
0.410964 0.571667
0.409082 0.575667
0.407005 0.575624
0.413473 0.577
0.416542 0.577917
0.42016 0.576667
0.423777 0.575417
0.42648 0.577778
0.430805 0.578889
0.428643 0.582619
0.42485 0.583
0.422821 0.586111
0.420801 0.582619
0.417864 0.583667
0.413673 0.583333
0.410964 0.581667
0.407485 0.583
0.405254 0.585373
0.409395 0.588333
0.4074 0.592143
0.404606 0.594694
0.410679 0.595952
0.413673 0.596667
0.416467 0.597
0.412675 0.59
0.415502 0.588889
0.41795 0.591667
0.42006 0.591
0.421257 0.595667
0.423653 0.595
0.42525 0.591
0.427502 0.589286
0.430763 0.58875
0.433433 0.586333
0.435532 0.590259
0.433433 0.593667
0.436689 0.598993
0.434132 0.601667
0.432385 0.601667
0.430805 0.597222
0.427645 0.595833
0.429142 0.6
0.426148 0.600556
0.422821 0.602222
0.419376 0.601667
0.416542 0.604583
0.413872 0.607
0.411178 0.605
0.413423 0.6025
0.409082 0.602333
0.407186 0.601667
0.405026 0.602223
0.403096 0.607246
0.404291 0.612333
0.406562 0.61125
0.409281 0.611
0.411552 0.614583
0.414671 0.613333
0.417864 0.610333
0.420516 0.612619
0.423795 0.610714
0.421158 0.606667
0.425848 0.606333
0.428842 0.606333
0.431437 0.607
0.437052 0.606708
0.433832 0.610333
0.437618 0.613337
0.43523 0.615667
0.433134 0.616667
0.430639 0.613333
0.428044 0.612333
0.426362 0.615476
0.422987 0.617778
0.417665 0.617381
0.415669 0.622333
0.414072 0.621
0.411819 0.622619
0.408558 0.61875
0.40339 0.618867
0.406188 0.621667
0.404101 0.625587
0.408084 0.626333
0.40511 0.632429
0.408882 0.630333
0.41239 0.629762
0.415469 0.630333
0.417498 0.627778
0.419661 0.621667
0.421856 0.623667
0.425078 0.622619
0.428928 0.621667
0.431138 0.621667
0.433633 0.623333
0.436228 0.622333
0.438117 0.621652
0.446667 0.621943
0.449873 0.617392
0.453446 0.620472
0.45143 0.622788
0.45536 0.627264
0.451597 0.629167
0.448603 0.625952
0.446607 0.631
0.445051 0.634185
0.447804 0.637
0.449767 0.633889
0.453593 0.633333
0.456146 0.635728
0.451597 0.638333
0.45506 0.6439
0.453094 0.645
0.45185 0.652358
0.44832 0.651741
0.450314 0.645
0.447464 0.644039
0.445258 0.644212
0.436262 0.644434
0.434132 0.641667
0.432136 0.645
0.429765 0.645417
0.427046 0.645667
0.423653 0.645
0.42149 0.648889
0.419376 0.645
0.416791 0.642083
0.420825 0.638889
0.42525 0.641
0.427478 0.638333
0.429308 0.636111
0.432468 0.635556
0.436044 0.635934
0.437572 0.630711
0.434132 0.629444
0.430639 0.630714
0.427478 0.627778
0.425482 0.631111
0.42351 0.634524
0.421657 0.630714
0.418948 0.633571
0.415469 0.636333
0.412675 0.638333
0.410512 0.635556
0.407685 0.636667
0.40515 0.640463
0.406698 0.6444
0.409556 0.644583
0.413839 0.644444
0.411843 0.648889
0.414504 0.652778
0.416667 0.650714
0.418829 0.654444
0.422255 0.653667
0.425482 0.652222
0.427811 0.654444
0.43014 0.653333
0.434317 0.651614
0.432367 0.656156
0.429641 0.659167
0.430623 0.664955
0.428144 0.663333
0.426148 0.66
0.424052 0.659
0.422156 0.661667
0.419785 0.662083
0.416667 0.666667
0.419661 0.670714
0.422779 0.67
0.425649 0.667381
0.427858 0.671616
0.424619 0.675805
0.421097 0.678029
0.417555 0.675329
0.414794 0.672931
0.4117 0.668018
0.413174 0.665
0.414271 0.661
0.416667 0.66
0.411677 0.658333
0.408977 0.65968
0.41018 0.653333
0.407314 0.65158
0.350808 0.649583
0.34809 0.651667
0.350822 0.656126
0.349444 0.66201
0.346831 0.666524
0.344381 0.663857
0.346806 0.659277
0.342903 0.657278
0.345142 0.653322
0.342745 0.64944
0.343757 0.642368
0.346521 0.645
0.349971 0.643735
0.348488 0.638529
0.34584 0.636775
0.33669 0.633531
0.334319 0.634867
0.332332 0.636656
0.330339 0.635
0.328348 0.634924
0.325999 0.63377
0.32386 0.627314
0.326846 0.626667
0.329641 0.627
0.332435 0.629
0.331337 0.623333
0.334331 0.625
0.336826 0.626667
0.339452 0.627926
0.340793 0.621581
0.34253 0.617564
0.338323 0.618333
0.336028 0.619667
0.333234 0.617667
0.335629 0.613667
0.340153 0.612222
0.343254 0.611116
0.344385 0.604185
0.341816 0.604048
0.338822 0.606667
0.33666 0.608333
0.333633 0.609667
0.331437 0.607667
0.333832 0.603333
0.336826 0.6
0.339321 0.598333
0.342016 0.597
0.344289 0.595083
0.340985 0.591111
0.34341 0.587083
0.340486 0.584444
0.338323 0.581667
0.342204 0.579031
0.340252 0.574136
0.338024 0.573
0.337687 0.56636
0.334938 0.565514
0.332833 0.562511
0.330672 0.563786
0.328269 0.56775
0.326161 0.57176
0.330339 0.571667
0.332236 0.571
0.33483 0.5725
0.333333 0.576667
0.336327 0.578333
0.334165 0.582222
0.330838 0.58
0.328044 0.577
0.324703 0.577848
0.323211 0.581847
0.322186 0.586913
0.326133 0.585
0.328643 0.583667
0.331337 0.586667
0.329042 0.589667
0.3335 0.589444
0.336028 0.587
0.338224 0.591
0.336327 0.593333
0.334032 0.597
0.33167 0.594444
0.327559 0.595
0.32485 0.591667
0.321715 0.593933
0.323353 0.596667
0.320352 0.599586
0.32485 0.6
0.330268 0.599286
0.328557 0.605
0.326048 0.603667
0.323021 0.605
0.321081 0.606359
0.320294 0.612298
0.322854 0.613333
0.325516 0.610556
0.327046 0.613667
0.329674 0.612222
0.331337 0.616667
0.329341 0.62
0.326846 0.62
0.323852 0.62
0.321348 0.620722
0.270477 0.628734
0.268363 0.629
0.266467 0.63
0.263847 0.632083
0.268655 0.638652
0.266467 0.638333
0.264371 0.641
0.261976 0.64
0.258982 0.643333
0.261976 0.647381
0.265957 0.647253
0.263891 0.652378
0.260442 0.653685
0.257906 0.650994
0.255583 0.646827
0.255489 0.640556
0.253236 0.636237
0.257784 0.637
0.260835 0.634048
0.258383 0.631667
0.25499 0.631667
0.252315 0.627371
0.255389 0.625
0.257699 0.625
0.260778 0.627
0.262475 0.623333
0.265825 0.624048
0.26916 0.622995
0.270846 0.61639
0.268796 0.615
0.266467 0.616667
0.263972 0.617381
0.261178 0.616333
0.259148 0.618889
0.254657 0.618889
0.252147 0.618316
0.257385 0.614333
0.255489 0.613333
0.25286 0.610123
0.255788 0.607
0.253107 0.603442
0.257152 0.602222
0.259267 0.608333
0.261477 0.61
0.263772 0.610333
0.266966 0.61
0.270024 0.605596
0.267764 0.603
0.26497 0.605833
0.261976 0.603333
0.26477 0.600333
0.268868 0.596233
0.266168 0.596333
0.262808 0.595556
0.260379 0.597667
0.258583 0.597667
0.2542 0.597749
0.255777 0.594097
0.257297 0.588512
0.259499 0.587228
0.261776 0.589667
0.266771 0.589512
0.264467 0.588364
0.262138 0.583356
0.260993 0.555197
0.263905 0.551465
0.259163 0.551023
0.261976 0.547381
0.264824 0.543297
0.261976 0.539286
0.264368 0.535443
0.262481 0.529021
0.260126 0.531315
0.257863 0.535612
0.259481 0.541667
0.257513 0.544897
0.207329 0.574652
0.204258 0.574749
0.202203 0.578693
0.201157 0.584562
0.204291 0.583667
0.206886 0.580333
0.209786 0.58152
0.208084 0.586667
0.209695 0.592825
0.207285 0.593667
0.205589 0.59
0.203379 0.591667
0.200528 0.590836
0.201544 0.597236
0.203274 0.60097
0.207248 0.600226
0.205255 0.602706
0.20939 0.647704
0.206303 0.649158
0.208585 0.653328
0.206111 0.656667
0.211251 0.656543
0.209075 0.659996
0.20931 0.666441
0.20628 0.664375
0.161943 0.676305
0.159323 0.675373
0.157299 0.671317
0.161843 0.669445
0.163515 0.665658
0.159182 0.665
0.15618 0.664087
0.161677 0.66
0.163102 0.655052
0.16018 0.657667
0.157201 0.656001
0.1588 0.651128
0.160885 0.64981
0.157374 0.614656
0.154186 0.615934
0.151795 0.614323
0.150093 0.616731
0.147499 0.612749
0.147705 0.606667
0.145438 0.605488
0.149914 0.608333
0.153027 0.607778
0.155689 0.61
0.160046 0.608796
0.157186 0.605
0.154358 0.602222
0.151031 0.601111
0.148703 0.6
0.146707 0.6
0.144399 0.597768
0.143701 0.592376
0.147206 0.593333
0.149701 0.591667
0.151796 0.594333
0.153593 0.594333
0.155902 0.595
0.158469 0.598333
0.16089 0.602137
0.163134 0.600503
0.165265 0.594221
0.163174 0.591667
0.161377 0.589667
0.159556 0.589583
0.157186 0.587381
0.154691 0.586667
0.152362 0.586111
0.1502 0.583333
0.147206 0.586667
0.144411 0.587
0.14256 0.58326
0.14481 0.579
0.147081 0.57875
0.149487 0.575
0.15191 0.575
0.154316 0.57875
0.156853 0.579444
0.160304 0.57875
0.162675 0.583333
0.166121 0.586608
0.164571 0.581
0.167174 0.57951
0.163049 0.574583
0.165768 0.572333
0.168472 0.570643
0.15998 0.570333
0.158017 0.574444
0.154192 0.570833
0.152196 0.566667
0.155617 0.566429
0.158059 0.564583
0.161302 0.564583
0.164172 0.566667
0.166999 0.564444
0.169572 0.557633
0.167498 0.557778
0.164047 0.55875
0.161053 0.555417
0.165502 0.552222
0.168126 0.548724
0.164671 0.546667
0.162675 0.548333
0.160679 0.546667
0.158683 0.548333
0.156188 0.545952
0.154358 0.541111
0.157898 0.539762
0.161178 0.54
0.163887 0.537857
0.166168 0.540714
0.168712 0.541124
0.167123 0.532677
0.164671 0.53
0.16189 0.531667
0.159681 0.531667
0.157685 0.531667
0.15519 0.533333
0.152994 0.529667
0.155988 0.526333
0.158383 0.523
0.160679 0.523333
0.163174 0.524048
0.165894 0.524572
0.163528 0.517404
0.161001 0.514745
0.158159 0.51029
0.155098 0.512753
0.158184 0.516667
0.15519 0.52
0.151277 0.518974
0.153051 0.521667
0.150121 0.526259
0.148234 0.532684
0.150699 0.533333
0.152362 0.537778
0.150599 0.542333
0.148204 0.54
0.145886 0.541766
0.148204 0.546667
0.14552 0.549793
0.144428 0.556095
0.147006 0.557
0.148403 0.553
0.150699 0.551667
0.153069 0.54875
0.156387 0.553
0.158383 0.557
0.154904 0.558333
0.152695 0.558333
0.150399 0.559667
0.149601 0.565667
0.147705 0.563333
0.145376 0.563889
0.14337 0.565959
0.14692 0.570238
0.143239 0.574083
0.10958 0.585713
0.108765 0.578444
0.106573 0.581667
0.103792 0.58
0.101896 0.579
0.0998004 0.58
0.0973054 0.580714
0.093513 0.583667
0.0954757 0.586111
0.0984697 0.587778
0.101422 0.587917
0.104092 0.586333
0.105788 0.59
0.107685 0.591
0.109446 0.594443
0.109916 0.602959
0.107884 0.601
0.105788 0.598333
0.103792 0.595
0.101796 0.596667
0.099501 0.593667
0.096507 0.593
0.094145 0.595556
0.0973054 0.599167
0.0957086 0.602333
0.0989022 0.602333
0.100965 0.602222
0.10346 0.604444
0.106454 0.607222
0.108527 0.611497
0.104491 0.610333
0.101297 0.61
0.0979291 0.609167
0.0958084 0.615
0.0983034 0.616667
0.101131 0.617222
0.103151 0.620238
0.10489 0.617667
0.107 0.618719
0.105179 0.626495
0.101297 0.628333
0.102817 0.632382
0.0991145 0.634935
0.0847898 0.669514
0.0831133 0.674232
0.081697 0.679674
0.0835132 0.685304
0.0861925 0.684618
0.0865019 0.675646
0.0960099 0.634603
0.0933439 0.630255
0.0969062 0.629
0.0994677 0.624444
0.0971058 0.623
0.0943114 0.623333
0.0917243 0.624256
0.0899433 0.620894
0.0939122 0.615667
0.0917166 0.615667
0.0894793 0.612015
0.0928144 0.61
0.094145 0.605
0.091517 0.605
0.0884823 0.604116
0.091151 0.598889
0.088466 0.595868
0.0900699 0.591667
0.0923154 0.590714
0.0888699 0.58523
0.0911178 0.583
0.0899622 0.57578
0.0918164 0.575
0.0941866 0.575417
0.097505 0.573667
0.100299 0.573333
0.0957086 0.569
0.0930733 0.566309
0.097505 0.566333
0.100299 0.566667
0.102794 0.57
0.104862 0.574524
0.10734 0.570976
0.105286 0.566017
0.10322 0.561964
0.101032 0.558948
0.0983375 0.558984
0.095399 0.560181
0.0484709 0.427368
0.0517875 0.421904
0.0465663 0.41714
0.0497894 0.410863
0.0530094 0.391154
0.0565358 0.390039
0.0600154 0.386064
0.049137 0.389344
0.0454991 0.385507
End
