1002 300
0.528828 0.393715
0.527445 0.393769
0.526447 0.395
0.526447 0.398333
0.527445 0.398333
0.528942 0.398333
0.530938 0.398333
0.532435 0.398333
0.533857 0.398333
0.532897 0.401667
0.530938 0.401667
0.529441 0.403333
0.530938 0.405
0.532637 0.406217
0.530934 0.408333
0.531859 0.411667
0.530439 0.413333
0.532113 0.415
0.531933 0.418333
0.53364 0.420597
0.532435 0.421667
0.531437 0.421667
0.52994 0.421667
0.527445 0.423333
0.528443 0.423333
0.52994 0.425
0.531936 0.425
0.533872 0.425
0.532934 0.428333
0.534991 0.429494
0.533931 0.431667
0.533932 0.435
0.532435 0.435
0.535618 0.43637
0.536588 0.440435
0.53493 0.441667
0.533932 0.438333
0.531936 0.438333
0.530439 0.439811
0.531286 0.443586
0.532435 0.443333
0.533433 0.443333
0.53493 0.445
0.536827 0.445
0.537425 0.450055
0.536427 0.45
0.53493 0.448333
0.533433 0.45
0.531954 0.448333
0.532037 0.451667
0.53493 0.451667
0.53493 0.455
0.533433 0.455
0.532435 0.456419
0.533932 0.458333
0.535429 0.458333
0.536427 0.456667
0.537425 0.456667
0.538423 0.456674
0.536926 0.461667
0.539183 0.462427
0.536925 0.465
0.538423 0.466368
0.536921 0.468333
0.537877 0.473023
0.53604 0.475602
0.535231 0.47033
0.533998 0.466888
0.535429 0.463333
0.534431 0.463333
0.5332 0.461667
0.523721 0.458471
0.523045 0.455
0.524451 0.453074
0.523119 0.45055
0.523519 0.449333
0.524824 0.448333
0.522455 0.446678
0.523453 0.443333
0.524923 0.445
0.525806 0.441667
0.524451 0.441667
0.523004 0.439319
0.525449 0.438333
0.526873 0.436911
0.525946 0.435
0.524451 0.436667
0.523453 0.433646
0.52495 0.431667
0.526939 0.431667
0.529064 0.432412
0.530439 0.433333
0.531437 0.433333
0.531936 0.43
0.530439 0.428333
0.528942 0.428333
0.527445 0.428333
0.526447 0.426667
0.525449 0.428333
0.524451 0.426792
0.525449 0.425
0.525276 0.420354
0.526447 0.42
0.527944 0.418333
0.52994 0.418333
0.529441 0.415
0.528443 0.415
0.527445 0.413333
0.525875 0.414012
0.526447 0.411667
0.528942 0.411667
0.528942 0.408333
0.526946 0.408333
0.525285 0.406921
0.524147 0.405
0.526946 0.405
0.528443 0.403333
0.527445 0.401667
0.525948 0.401667
0.524451 0.401667
0.52333 0.400186
0.524451 0.398333
0.525449 0.396667
0.523952 0.395
0.522455 0.396559
0.521216 0.392732
0.523952 0.391667
0.522455 0.39
0.520966 0.388333
0.520958 0.385
0.519461 0.385
0.519631 0.381667
0.519647 0.378427
0.519727 0.374998
0.521712 0.375
0.520796 0.377947
0.521457 0.380003
0.522455 0.38004
0.523453 0.380506
0.52475 0.38406
0.522455 0.385
0.523453 0.385
0.523952 0.388333
0.525449 0.390016
0.526447 0.390353
0.530939 0.391667
0.532435 0.39
0.533433 0.39
0.53096 0.388333
0.532934 0.385
0.531262 0.383826
0.533932 0.381667
0.532435 0.380054
0.533266 0.376396
0.534431 0.376667
0.535928 0.375
0.537924 0.375
0.537924 0.371667
0.535928 0.371667
0.534025 0.371667
0.535928 0.368333
0.534979 0.366503
0.536926 0.365
0.539421 0.363333
0.538423 0.361667
0.537425 0.361667
0.53684 0.359775
0.539421 0.358333
0.538767 0.356659
0.540825 0.354836
0.541807 0.358333
0.540419 0.36
0.542537 0.362461
0.542332 0.363584
0.540419 0.365
0.537924 0.366667
0.538922 0.368333
0.540886 0.368333
0.540784 0.371667
0.539421 0.373327
0.540419 0.376026
0.539421 0.37925
0.538423 0.378333
0.536926 0.378333
0.535429 0.378333
0.535928 0.381667
0.538423 0.381667
0.537567 0.383491
0.53493 0.385
0.536557 0.386791
0.534431 0.388333
0.535623 0.390303
0.534791 0.39287
0.533926 0.395
0.531936 0.395
0.529942 0.395
End
