0 0.250000 0.250000 
0 0.255000 0.250000 
0 0.260000 0.250000 
0 0.265000 0.250000 
0 0.270000 0.250000 
0 0.275000 0.250000 
0 0.280000 0.250000 
0 0.285000 0.250000 
0 0.290000 0.250000 
0 0.295000 0.250000 
0 0.300000 0.250000 
0 0.305000 0.250000 
0 0.310000 0.250000 
0 0.315000 0.250000 
0 0.320000 0.250000 
0 0.325000 0.250000 
0 0.330000 0.250000 
0 0.335000 0.250000 
0 0.340000 0.250000 
0 0.345000 0.250000 
0 0.350000 0.250000 
0 0.355000 0.250000 
0 0.360000 0.250000 
0 0.365000 0.250000 
0 0.370000 0.250000 
0 0.375000 0.250000 
0 0.380000 0.250000 
0 0.385000 0.250000 
0 0.390000 0.250000 
0 0.395000 0.250000 
0 0.400000 0.250000 
0 0.405000 0.250000 
0 0.410000 0.250000 
0 0.415000 0.250000 
0 0.420000 0.250000 
0 0.425000 0.250000 
0 0.430000 0.250000 
0 0.435000 0.250000 
0 0.440000 0.250000 
0 0.445000 0.250000 
0 0.450000 0.250000 
0 0.455000 0.250000 
0 0.460000 0.250000 
0 0.465000 0.250000 
0 0.470000 0.250000 
0 0.475000 0.250000 
0 0.480000 0.250000 
0 0.485000 0.250000 
0 0.490000 0.250000 
0 0.495000 0.250000 
0 0.500000 0.250000 
0 0.505000 0.250000 
0 0.510000 0.250000 
0 0.515000 0.250000 
0 0.520000 0.250000 
0 0.525000 0.250000 
0 0.530000 0.250000 
0 0.535000 0.250000 
0 0.540000 0.250000 
0 0.545000 0.250000 
0 0.550000 0.250000 
0 0.555000 0.250000 
0 0.560000 0.250000 
0 0.565000 0.250000 
0 0.570000 0.250000 
0 0.575000 0.250000 
0 0.580000 0.250000 
0 0.585000 0.250000 
0 0.590000 0.250000 
0 0.595000 0.250000 
0 0.600000 0.250000 
0 0.605000 0.250000 
0 0.610000 0.250000 
0 0.615000 0.250000 
0 0.620000 0.250000 
0 0.625000 0.250000 
0 0.630000 0.250000 
0 0.635000 0.250000 
0 0.640000 0.250000 
0 0.645000 0.250000 
0 0.650000 0.250000 
0 0.655000 0.250000 
0 0.660000 0.250000 
0 0.665000 0.250000 
0 0.670000 0.250000 
0 0.675000 0.250000 
0 0.680000 0.250000 
0 0.685000 0.250000 
0 0.690000 0.250000 
0 0.695000 0.250000 
0 0.700000 0.250000 
0 0.705000 0.250000 
0 0.710000 0.250000 
0 0.715000 0.250000 
0 0.720000 0.250000 
0 0.725000 0.250000 
0 0.730000 0.250000 
0 0.735000 0.250000 
0 0.740000 0.250000 
0 0.745000 0.250000 
0 0.750000 0.250000 
1 0.250000 0.300000 
1 0.255000 0.300000 
1 0.260000 0.300000 
1 0.265000 0.300000 
1 0.270000 0.300000 
1 0.275000 0.300000 
1 0.280000 0.300000 
1 0.285000 0.300000 
1 0.290000 0.300000 
1 0.295000 0.300000 
1 0.300000 0.300000 
1 0.305000 0.300000 
1 0.310000 0.300000 
1 0.315000 0.300000 
1 0.320000 0.300000 
1 0.325000 0.300000 
1 0.330000 0.300000 
1 0.335000 0.300000 
1 0.340000 0.300000 
1 0.345000 0.300000 
1 0.350000 0.300000 
1 0.355000 0.300000 
1 0.360000 0.300000 
1 0.365000 0.300000 
1 0.370000 0.300000 
1 0.375000 0.300000 
1 0.380000 0.300000 
1 0.385000 0.300000 
1 0.390000 0.300000 
1 0.395000 0.300000 
1 0.400000 0.300000 
1 0.405000 0.300000 
1 0.410000 0.300000 
1 0.415000 0.300000 
1 0.420000 0.300000 
1 0.425000 0.300000 
1 0.430000 0.300000 
1 0.435000 0.300000 
1 0.440000 0.300000 
1 0.445000 0.300000 
1 0.450000 0.300000 
1 0.455000 0.300000 
1 0.460000 0.300000 
1 0.465000 0.300000 
1 0.470000 0.300000 
1 0.475000 0.300000 
1 0.480000 0.300000 
1 0.485000 0.300000 
1 0.490000 0.300000 
1 0.495000 0.300000 
1 0.500000 0.300000 
1 0.505000 0.300000 
1 0.510000 0.300000 
1 0.515000 0.300000 
1 0.520000 0.300000 
1 0.525000 0.300000 
1 0.530000 0.300000 
1 0.535000 0.300000 
1 0.540000 0.300000 
1 0.545000 0.300000 
1 0.550000 0.300000 
1 0.555000 0.300000 
1 0.560000 0.300000 
1 0.565000 0.300000 
1 0.570000 0.300000 
1 0.575000 0.300000 
1 0.580000 0.300000 
1 0.585000 0.300000 
1 0.590000 0.300000 
1 0.595000 0.300000 
1 0.600000 0.300000 
1 0.605000 0.300000 
1 0.610000 0.300000 
1 0.615000 0.300000 
1 0.620000 0.300000 
1 0.625000 0.300000 
1 0.630000 0.300000 
1 0.635000 0.300000 
1 0.640000 0.300000 
1 0.645000 0.300000 
1 0.650000 0.300000 
1 0.655000 0.300000 
1 0.660000 0.300000 
1 0.665000 0.300000 
1 0.670000 0.300000 
1 0.675000 0.300000 
1 0.680000 0.300000 
1 0.685000 0.300000 
1 0.690000 0.300000 
1 0.695000 0.300000 
1 0.700000 0.300000 
1 0.705000 0.300000 
1 0.710000 0.300000 
1 0.715000 0.300000 
1 0.720000 0.300000 
1 0.725000 0.300000 
1 0.730000 0.300000 
1 0.735000 0.300000 
1 0.740000 0.300000 
1 0.745000 0.300000 
1 0.750000 0.300000 
2 0.250000 0.350000 
2 0.255000 0.350000 
2 0.260000 0.350000 
2 0.265000 0.350000 
2 0.270000 0.350000 
2 0.275000 0.350000 
2 0.280000 0.350000 
2 0.285000 0.350000 
2 0.290000 0.350000 
2 0.295000 0.350000 
2 0.300000 0.350000 
2 0.305000 0.350000 
2 0.310000 0.350000 
2 0.315000 0.350000 
2 0.320000 0.350000 
2 0.325000 0.350000 
2 0.330000 0.350000 
2 0.335000 0.350000 
2 0.340000 0.350000 
2 0.345000 0.350000 
2 0.350000 0.350000 
2 0.355000 0.350000 
2 0.360000 0.350000 
2 0.365000 0.350000 
2 0.370000 0.350000 
2 0.375000 0.350000 
2 0.380000 0.350000 
2 0.385000 0.350000 
2 0.390000 0.350000 
2 0.395000 0.350000 
2 0.400000 0.350000 
2 0.405000 0.350000 
2 0.410000 0.350000 
2 0.415000 0.350000 
2 0.420000 0.350000 
2 0.425000 0.350000 
2 0.430000 0.350000 
2 0.435000 0.350000 
2 0.440000 0.350000 
2 0.445000 0.350000 
2 0.450000 0.350000 
2 0.455000 0.350000 
2 0.460000 0.350000 
2 0.465000 0.350000 
2 0.470000 0.350000 
2 0.475000 0.350000 
2 0.480000 0.350000 
2 0.485000 0.350000 
2 0.490000 0.350000 
2 0.495000 0.350000 
2 0.500000 0.350000 
2 0.505000 0.350000 
2 0.510000 0.350000 
2 0.515000 0.350000 
2 0.520000 0.350000 
2 0.525000 0.350000 
2 0.530000 0.350000 
2 0.535000 0.350000 
2 0.540000 0.350000 
2 0.545000 0.350000 
2 0.550000 0.350000 
2 0.555000 0.350000 
2 0.560000 0.350000 
2 0.565000 0.350000 
2 0.570000 0.350000 
2 0.575000 0.350000 
2 0.580000 0.350000 
2 0.585000 0.350000 
2 0.590000 0.350000 
2 0.595000 0.350000 
2 0.600000 0.350000 
2 0.605000 0.350000 
2 0.610000 0.350000 
2 0.615000 0.350000 
2 0.620000 0.350000 
2 0.625000 0.350000 
2 0.630000 0.350000 
2 0.635000 0.350000 
2 0.640000 0.350000 
2 0.645000 0.350000 
2 0.650000 0.350000 
2 0.655000 0.350000 
2 0.660000 0.350000 
2 0.665000 0.350000 
2 0.670000 0.350000 
2 0.675000 0.350000 
2 0.680000 0.350000 
2 0.685000 0.350000 
2 0.690000 0.350000 
2 0.695000 0.350000 
2 0.700000 0.350000 
2 0.705000 0.350000 
2 0.710000 0.350000 
2 0.715000 0.350000 
2 0.720000 0.350000 
2 0.725000 0.350000 
2 0.730000 0.350000 
2 0.735000 0.350000 
2 0.740000 0.350000 
2 0.745000 0.350000 
2 0.750000 0.350000 
3 0.250000 0.400000 
3 0.255000 0.400000 
3 0.260000 0.400000 
3 0.265000 0.400000 
3 0.270000 0.400000 
3 0.275000 0.400000 
3 0.280000 0.400000 
3 0.285000 0.400000 
3 0.290000 0.400000 
3 0.295000 0.400000 
3 0.300000 0.400000 
3 0.305000 0.400000 
3 0.310000 0.400000 
3 0.315000 0.400000 
3 0.320000 0.400000 
3 0.325000 0.400000 
3 0.330000 0.400000 
3 0.335000 0.400000 
3 0.340000 0.400000 
3 0.345000 0.400000 
3 0.350000 0.400000 
3 0.355000 0.400000 
3 0.360000 0.400000 
3 0.365000 0.400000 
3 0.370000 0.400000 
3 0.375000 0.400000 
3 0.380000 0.400000 
3 0.385000 0.400000 
3 0.390000 0.400000 
3 0.395000 0.400000 
3 0.400000 0.400000 
3 0.405000 0.400000 
3 0.410000 0.400000 
3 0.415000 0.400000 
3 0.420000 0.400000 
3 0.425000 0.400000 
3 0.430000 0.400000 
3 0.435000 0.400000 
3 0.440000 0.400000 
3 0.445000 0.400000 
3 0.450000 0.400000 
3 0.455000 0.400000 
3 0.460000 0.400000 
3 0.465000 0.400000 
3 0.470000 0.400000 
3 0.475000 0.400000 
3 0.480000 0.400000 
3 0.485000 0.400000 
3 0.490000 0.400000 
3 0.495000 0.400000 
3 0.500000 0.400000 
3 0.505000 0.400000 
3 0.510000 0.400000 
3 0.515000 0.400000 
3 0.520000 0.400000 
3 0.525000 0.400000 
3 0.530000 0.400000 
3 0.535000 0.400000 
3 0.540000 0.400000 
3 0.545000 0.400000 
3 0.550000 0.400000 
3 0.555000 0.400000 
3 0.560000 0.400000 
3 0.565000 0.400000 
3 0.570000 0.400000 
3 0.575000 0.400000 
3 0.580000 0.400000 
3 0.585000 0.400000 
3 0.590000 0.400000 
3 0.595000 0.400000 
3 0.600000 0.400000 
3 0.605000 0.400000 
3 0.610000 0.400000 
3 0.615000 0.400000 
3 0.620000 0.400000 
3 0.625000 0.400000 
3 0.630000 0.400000 
3 0.635000 0.400000 
3 0.640000 0.400000 
3 0.645000 0.400000 
3 0.650000 0.400000 
3 0.655000 0.400000 
3 0.660000 0.400000 
3 0.665000 0.400000 
3 0.670000 0.400000 
3 0.675000 0.400000 
3 0.680000 0.400000 
3 0.685000 0.400000 
3 0.690000 0.400000 
3 0.695000 0.400000 
3 0.700000 0.400000 
3 0.705000 0.400000 
3 0.710000 0.400000 
3 0.715000 0.400000 
3 0.720000 0.400000 
3 0.725000 0.400000 
3 0.730000 0.400000 
3 0.735000 0.400000 
3 0.740000 0.400000 
3 0.745000 0.400000 
3 0.750000 0.400000 
4 0.250000 0.450000 
4 0.255000 0.450000 
4 0.260000 0.450000 
4 0.265000 0.450000 
4 0.270000 0.450000 
4 0.275000 0.450000 
4 0.280000 0.450000 
4 0.285000 0.450000 
4 0.290000 0.450000 
4 0.295000 0.450000 
4 0.300000 0.450000 
4 0.305000 0.450000 
4 0.310000 0.450000 
4 0.315000 0.450000 
4 0.320000 0.450000 
4 0.325000 0.450000 
4 0.330000 0.450000 
4 0.335000 0.450000 
4 0.340000 0.450000 
4 0.345000 0.450000 
4 0.350000 0.450000 
4 0.355000 0.450000 
4 0.360000 0.450000 
4 0.365000 0.450000 
4 0.370000 0.450000 
4 0.375000 0.450000 
4 0.380000 0.450000 
4 0.385000 0.450000 
4 0.390000 0.450000 
4 0.395000 0.450000 
4 0.400000 0.450000 
4 0.405000 0.450000 
4 0.410000 0.450000 
4 0.415000 0.450000 
4 0.420000 0.450000 
4 0.425000 0.450000 
4 0.430000 0.450000 
4 0.435000 0.450000 
4 0.440000 0.450000 
4 0.445000 0.450000 
4 0.450000 0.450000 
4 0.455000 0.450000 
4 0.460000 0.450000 
4 0.465000 0.450000 
4 0.470000 0.450000 
4 0.475000 0.450000 
4 0.480000 0.450000 
4 0.485000 0.450000 
4 0.490000 0.450000 
4 0.495000 0.450000 
4 0.500000 0.450000 
4 0.505000 0.450000 
4 0.510000 0.450000 
4 0.515000 0.450000 
4 0.520000 0.450000 
4 0.525000 0.450000 
4 0.530000 0.450000 
4 0.535000 0.450000 
4 0.540000 0.450000 
4 0.545000 0.450000 
4 0.550000 0.450000 
4 0.555000 0.450000 
4 0.560000 0.450000 
4 0.565000 0.450000 
4 0.570000 0.450000 
4 0.575000 0.450000 
4 0.580000 0.450000 
4 0.585000 0.450000 
4 0.590000 0.450000 
4 0.595000 0.450000 
4 0.600000 0.450000 
4 0.605000 0.450000 
4 0.610000 0.450000 
4 0.615000 0.450000 
4 0.620000 0.450000 
4 0.625000 0.450000 
4 0.630000 0.450000 
4 0.635000 0.450000 
4 0.640000 0.450000 
4 0.645000 0.450000 
4 0.650000 0.450000 
4 0.655000 0.450000 
4 0.660000 0.450000 
4 0.665000 0.450000 
4 0.670000 0.450000 
4 0.675000 0.450000 
4 0.680000 0.450000 
4 0.685000 0.450000 
4 0.690000 0.450000 
4 0.695000 0.450000 
4 0.700000 0.450000 
4 0.705000 0.450000 
4 0.710000 0.450000 
4 0.715000 0.450000 
4 0.720000 0.450000 
4 0.725000 0.450000 
4 0.730000 0.450000 
4 0.735000 0.450000 
4 0.740000 0.450000 
4 0.745000 0.450000 
4 0.750000 0.450000 
5 0.250000 0.500000 
5 0.255000 0.500000 
5 0.260000 0.500000 
5 0.265000 0.500000 
5 0.270000 0.500000 
5 0.275000 0.500000 
5 0.280000 0.500000 
5 0.285000 0.500000 
5 0.290000 0.500000 
5 0.295000 0.500000 
5 0.300000 0.500000 
5 0.305000 0.500000 
5 0.310000 0.500000 
5 0.315000 0.500000 
5 0.320000 0.500000 
5 0.325000 0.500000 
5 0.330000 0.500000 
5 0.335000 0.500000 
5 0.340000 0.500000 
5 0.345000 0.500000 
5 0.350000 0.500000 
5 0.355000 0.500000 
5 0.360000 0.500000 
5 0.365000 0.500000 
5 0.370000 0.500000 
5 0.375000 0.500000 
5 0.380000 0.500000 
5 0.385000 0.500000 
5 0.390000 0.500000 
5 0.395000 0.500000 
5 0.400000 0.500000 
5 0.405000 0.500000 
5 0.410000 0.500000 
5 0.415000 0.500000 
5 0.420000 0.500000 
5 0.425000 0.500000 
5 0.430000 0.500000 
5 0.435000 0.500000 
5 0.440000 0.500000 
5 0.445000 0.500000 
5 0.450000 0.500000 
5 0.455000 0.500000 
5 0.460000 0.500000 
5 0.465000 0.500000 
5 0.470000 0.500000 
5 0.475000 0.500000 
5 0.480000 0.500000 
5 0.485000 0.500000 
5 0.490000 0.500000 
5 0.495000 0.500000 
5 0.500000 0.500000 
5 0.505000 0.500000 
5 0.510000 0.500000 
5 0.515000 0.500000 
5 0.520000 0.500000 
5 0.525000 0.500000 
5 0.530000 0.500000 
5 0.535000 0.500000 
5 0.540000 0.500000 
5 0.545000 0.500000 
5 0.550000 0.500000 
5 0.555000 0.500000 
5 0.560000 0.500000 
5 0.565000 0.500000 
5 0.570000 0.500000 
5 0.575000 0.500000 
5 0.580000 0.500000 
5 0.585000 0.500000 
5 0.590000 0.500000 
5 0.595000 0.500000 
5 0.600000 0.500000 
5 0.605000 0.500000 
5 0.610000 0.500000 
5 0.615000 0.500000 
5 0.620000 0.500000 
5 0.625000 0.500000 
5 0.630000 0.500000 
5 0.635000 0.500000 
5 0.640000 0.500000 
5 0.645000 0.500000 
5 0.650000 0.500000 
5 0.655000 0.500000 
5 0.660000 0.500000 
5 0.665000 0.500000 
5 0.670000 0.500000 
5 0.675000 0.500000 
5 0.680000 0.500000 
5 0.685000 0.500000 
5 0.690000 0.500000 
5 0.695000 0.500000 
5 0.700000 0.500000 
5 0.705000 0.500000 
5 0.710000 0.500000 
5 0.715000 0.500000 
5 0.720000 0.500000 
5 0.725000 0.500000 
5 0.730000 0.500000 
5 0.735000 0.500000 
5 0.740000 0.500000 
5 0.745000 0.500000 
5 0.750000 0.500000 
6 0.250000 0.550000 
6 0.255000 0.550000 
6 0.260000 0.550000 
6 0.265000 0.550000 
6 0.270000 0.550000 
6 0.275000 0.550000 
6 0.280000 0.550000 
6 0.285000 0.550000 
6 0.290000 0.550000 
6 0.295000 0.550000 
6 0.300000 0.550000 
6 0.305000 0.550000 
6 0.310000 0.550000 
6 0.315000 0.550000 
6 0.320000 0.550000 
6 0.325000 0.550000 
6 0.330000 0.550000 
6 0.335000 0.550000 
6 0.340000 0.550000 
6 0.345000 0.550000 
6 0.350000 0.550000 
6 0.355000 0.550000 
6 0.360000 0.550000 
6 0.365000 0.550000 
6 0.370000 0.550000 
6 0.375000 0.550000 
6 0.380000 0.550000 
6 0.385000 0.550000 
6 0.390000 0.550000 
6 0.395000 0.550000 
6 0.400000 0.550000 
6 0.405000 0.550000 
6 0.410000 0.550000 
6 0.415000 0.550000 
6 0.420000 0.550000 
6 0.425000 0.550000 
6 0.430000 0.550000 
6 0.435000 0.550000 
6 0.440000 0.550000 
6 0.445000 0.550000 
6 0.450000 0.550000 
6 0.455000 0.550000 
6 0.460000 0.550000 
6 0.465000 0.550000 
6 0.470000 0.550000 
6 0.475000 0.550000 
6 0.480000 0.550000 
6 0.485000 0.550000 
6 0.490000 0.550000 
6 0.495000 0.550000 
6 0.500000 0.550000 
6 0.505000 0.550000 
6 0.510000 0.550000 
6 0.515000 0.550000 
6 0.520000 0.550000 
6 0.525000 0.550000 
6 0.530000 0.550000 
6 0.535000 0.550000 
6 0.540000 0.550000 
6 0.545000 0.550000 
6 0.550000 0.550000 
6 0.555000 0.550000 
6 0.560000 0.550000 
6 0.565000 0.550000 
6 0.570000 0.550000 
6 0.575000 0.550000 
6 0.580000 0.550000 
6 0.585000 0.550000 
6 0.590000 0.550000 
6 0.595000 0.550000 
6 0.600000 0.550000 
6 0.605000 0.550000 
6 0.610000 0.550000 
6 0.615000 0.550000 
6 0.620000 0.550000 
6 0.625000 0.550000 
6 0.630000 0.550000 
6 0.635000 0.550000 
6 0.640000 0.550000 
6 0.645000 0.550000 
6 0.650000 0.550000 
6 0.655000 0.550000 
6 0.660000 0.550000 
6 0.665000 0.550000 
6 0.670000 0.550000 
6 0.675000 0.550000 
6 0.680000 0.550000 
6 0.685000 0.550000 
6 0.690000 0.550000 
6 0.695000 0.550000 
6 0.700000 0.550000 
6 0.705000 0.550000 
6 0.710000 0.550000 
6 0.715000 0.550000 
6 0.720000 0.550000 
6 0.725000 0.550000 
6 0.730000 0.550000 
6 0.735000 0.550000 
6 0.740000 0.550000 
6 0.745000 0.550000 
6 0.750000 0.550000 
7 0.250000 0.600000 
7 0.255000 0.600000 
7 0.260000 0.600000 
7 0.265000 0.600000 
7 0.270000 0.600000 
7 0.275000 0.600000 
7 0.280000 0.600000 
7 0.285000 0.600000 
7 0.290000 0.600000 
7 0.295000 0.600000 
7 0.300000 0.600000 
7 0.305000 0.600000 
7 0.310000 0.600000 
7 0.315000 0.600000 
7 0.320000 0.600000 
7 0.325000 0.600000 
7 0.330000 0.600000 
7 0.335000 0.600000 
7 0.340000 0.600000 
7 0.345000 0.600000 
7 0.350000 0.600000 
7 0.355000 0.600000 
7 0.360000 0.600000 
7 0.365000 0.600000 
7 0.370000 0.600000 
7 0.375000 0.600000 
7 0.380000 0.600000 
7 0.385000 0.600000 
7 0.390000 0.600000 
7 0.395000 0.600000 
7 0.400000 0.600000 
7 0.405000 0.600000 
7 0.410000 0.600000 
7 0.415000 0.600000 
7 0.420000 0.600000 
7 0.425000 0.600000 
7 0.430000 0.600000 
7 0.435000 0.600000 
7 0.440000 0.600000 
7 0.445000 0.600000 
7 0.450000 0.600000 
7 0.455000 0.600000 
7 0.460000 0.600000 
7 0.465000 0.600000 
7 0.470000 0.600000 
7 0.475000 0.600000 
7 0.480000 0.600000 
7 0.485000 0.600000 
7 0.490000 0.600000 
7 0.495000 0.600000 
7 0.500000 0.600000 
7 0.505000 0.600000 
7 0.510000 0.600000 
7 0.515000 0.600000 
7 0.520000 0.600000 
7 0.525000 0.600000 
7 0.530000 0.600000 
7 0.535000 0.600000 
7 0.540000 0.600000 
7 0.545000 0.600000 
7 0.550000 0.600000 
7 0.555000 0.600000 
7 0.560000 0.600000 
7 0.565000 0.600000 
7 0.570000 0.600000 
7 0.575000 0.600000 
7 0.580000 0.600000 
7 0.585000 0.600000 
7 0.590000 0.600000 
7 0.595000 0.600000 
7 0.600000 0.600000 
7 0.605000 0.600000 
7 0.610000 0.600000 
7 0.615000 0.600000 
7 0.620000 0.600000 
7 0.625000 0.600000 
7 0.630000 0.600000 
7 0.635000 0.600000 
7 0.640000 0.600000 
7 0.645000 0.600000 
7 0.650000 0.600000 
7 0.655000 0.600000 
7 0.660000 0.600000 
7 0.665000 0.600000 
7 0.670000 0.600000 
7 0.675000 0.600000 
7 0.680000 0.600000 
7 0.685000 0.600000 
7 0.690000 0.600000 
7 0.695000 0.600000 
7 0.700000 0.600000 
7 0.705000 0.600000 
7 0.710000 0.600000 
7 0.715000 0.600000 
7 0.720000 0.600000 
7 0.725000 0.600000 
7 0.730000 0.600000 
7 0.735000 0.600000 
7 0.740000 0.600000 
7 0.745000 0.600000 
7 0.750000 0.600000 
8 0.250000 0.650000 
8 0.255000 0.650000 
8 0.260000 0.650000 
8 0.265000 0.650000 
8 0.270000 0.650000 
8 0.275000 0.650000 
8 0.280000 0.650000 
8 0.285000 0.650000 
8 0.290000 0.650000 
8 0.295000 0.650000 
8 0.300000 0.650000 
8 0.305000 0.650000 
8 0.310000 0.650000 
8 0.315000 0.650000 
8 0.320000 0.650000 
8 0.325000 0.650000 
8 0.330000 0.650000 
8 0.335000 0.650000 
8 0.340000 0.650000 
8 0.345000 0.650000 
8 0.350000 0.650000 
8 0.355000 0.650000 
8 0.360000 0.650000 
8 0.365000 0.650000 
8 0.370000 0.650000 
8 0.375000 0.650000 
8 0.380000 0.650000 
8 0.385000 0.650000 
8 0.390000 0.650000 
8 0.395000 0.650000 
8 0.400000 0.650000 
8 0.405000 0.650000 
8 0.410000 0.650000 
8 0.415000 0.650000 
8 0.420000 0.650000 
8 0.425000 0.650000 
8 0.430000 0.650000 
8 0.435000 0.650000 
8 0.440000 0.650000 
8 0.445000 0.650000 
8 0.450000 0.650000 
8 0.455000 0.650000 
8 0.460000 0.650000 
8 0.465000 0.650000 
8 0.470000 0.650000 
8 0.475000 0.650000 
8 0.480000 0.650000 
8 0.485000 0.650000 
8 0.490000 0.650000 
8 0.495000 0.650000 
8 0.500000 0.650000 
8 0.505000 0.650000 
8 0.510000 0.650000 
8 0.515000 0.650000 
8 0.520000 0.650000 
8 0.525000 0.650000 
8 0.530000 0.650000 
8 0.535000 0.650000 
8 0.540000 0.650000 
8 0.545000 0.650000 
8 0.550000 0.650000 
8 0.555000 0.650000 
8 0.560000 0.650000 
8 0.565000 0.650000 
8 0.570000 0.650000 
8 0.575000 0.650000 
8 0.580000 0.650000 
8 0.585000 0.650000 
8 0.590000 0.650000 
8 0.595000 0.650000 
8 0.600000 0.650000 
8 0.605000 0.650000 
8 0.610000 0.650000 
8 0.615000 0.650000 
8 0.620000 0.650000 
8 0.625000 0.650000 
8 0.630000 0.650000 
8 0.635000 0.650000 
8 0.640000 0.650000 
8 0.645000 0.650000 
8 0.650000 0.650000 
8 0.655000 0.650000 
8 0.660000 0.650000 
8 0.665000 0.650000 
8 0.670000 0.650000 
8 0.675000 0.650000 
8 0.680000 0.650000 
8 0.685000 0.650000 
8 0.690000 0.650000 
8 0.695000 0.650000 
8 0.700000 0.650000 
8 0.705000 0.650000 
8 0.710000 0.650000 
8 0.715000 0.650000 
8 0.720000 0.650000 
8 0.725000 0.650000 
8 0.730000 0.650000 
8 0.735000 0.650000 
8 0.740000 0.650000 
8 0.745000 0.650000 
8 0.750000 0.650000 
9 0.250000 0.700000 
9 0.255000 0.700000 
9 0.260000 0.700000 
9 0.265000 0.700000 
9 0.270000 0.700000 
9 0.275000 0.700000 
9 0.280000 0.700000 
9 0.285000 0.700000 
9 0.290000 0.700000 
9 0.295000 0.700000 
9 0.300000 0.700000 
9 0.305000 0.700000 
9 0.310000 0.700000 
9 0.315000 0.700000 
9 0.320000 0.700000 
9 0.325000 0.700000 
9 0.330000 0.700000 
9 0.335000 0.700000 
9 0.340000 0.700000 
9 0.345000 0.700000 
9 0.350000 0.700000 
9 0.355000 0.700000 
9 0.360000 0.700000 
9 0.365000 0.700000 
9 0.370000 0.700000 
9 0.375000 0.700000 
9 0.380000 0.700000 
9 0.385000 0.700000 
9 0.390000 0.700000 
9 0.395000 0.700000 
9 0.400000 0.700000 
9 0.405000 0.700000 
9 0.410000 0.700000 
9 0.415000 0.700000 
9 0.420000 0.700000 
9 0.425000 0.700000 
9 0.430000 0.700000 
9 0.435000 0.700000 
9 0.440000 0.700000 
9 0.445000 0.700000 
9 0.450000 0.700000 
9 0.455000 0.700000 
9 0.460000 0.700000 
9 0.465000 0.700000 
9 0.470000 0.700000 
9 0.475000 0.700000 
9 0.480000 0.700000 
9 0.485000 0.700000 
9 0.490000 0.700000 
9 0.495000 0.700000 
9 0.500000 0.700000 
9 0.505000 0.700000 
9 0.510000 0.700000 
9 0.515000 0.700000 
9 0.520000 0.700000 
9 0.525000 0.700000 
9 0.530000 0.700000 
9 0.535000 0.700000 
9 0.540000 0.700000 
9 0.545000 0.700000 
9 0.550000 0.700000 
9 0.555000 0.700000 
9 0.560000 0.700000 
9 0.565000 0.700000 
9 0.570000 0.700000 
9 0.575000 0.700000 
9 0.580000 0.700000 
9 0.585000 0.700000 
9 0.590000 0.700000 
9 0.595000 0.700000 
9 0.600000 0.700000 
9 0.605000 0.700000 
9 0.610000 0.700000 
9 0.615000 0.700000 
9 0.620000 0.700000 
9 0.625000 0.700000 
9 0.630000 0.700000 
9 0.635000 0.700000 
9 0.640000 0.700000 
9 0.645000 0.700000 
9 0.650000 0.700000 
9 0.655000 0.700000 
9 0.660000 0.700000 
9 0.665000 0.700000 
9 0.670000 0.700000 
9 0.675000 0.700000 
9 0.680000 0.700000 
9 0.685000 0.700000 
9 0.690000 0.700000 
9 0.695000 0.700000 
9 0.700000 0.700000 
9 0.705000 0.700000 
9 0.710000 0.700000 
9 0.715000 0.700000 
9 0.720000 0.700000 
9 0.725000 0.700000 
9 0.730000 0.700000 
9 0.735000 0.700000 
9 0.740000 0.700000 
9 0.745000 0.700000 
9 0.750000 0.700000 
10 0.250000 0.750000 
10 0.255000 0.750000 
10 0.260000 0.750000 
10 0.265000 0.750000 
10 0.270000 0.750000 
10 0.275000 0.750000 
10 0.280000 0.750000 
10 0.285000 0.750000 
10 0.290000 0.750000 
10 0.295000 0.750000 
10 0.300000 0.750000 
10 0.305000 0.750000 
10 0.310000 0.750000 
10 0.315000 0.750000 
10 0.320000 0.750000 
10 0.325000 0.750000 
10 0.330000 0.750000 
10 0.335000 0.750000 
10 0.340000 0.750000 
10 0.345000 0.750000 
10 0.350000 0.750000 
10 0.355000 0.750000 
10 0.360000 0.750000 
10 0.365000 0.750000 
10 0.370000 0.750000 
10 0.375000 0.750000 
10 0.380000 0.750000 
10 0.385000 0.750000 
10 0.390000 0.750000 
10 0.395000 0.750000 
10 0.400000 0.750000 
10 0.405000 0.750000 
10 0.410000 0.750000 
10 0.415000 0.750000 
10 0.420000 0.750000 
10 0.425000 0.750000 
10 0.430000 0.750000 
10 0.435000 0.750000 
10 0.440000 0.750000 
10 0.445000 0.750000 
10 0.450000 0.750000 
10 0.455000 0.750000 
10 0.460000 0.750000 
10 0.465000 0.750000 
10 0.470000 0.750000 
10 0.475000 0.750000 
10 0.480000 0.750000 
10 0.485000 0.750000 
10 0.490000 0.750000 
10 0.495000 0.750000 
10 0.500000 0.750000 
10 0.505000 0.750000 
10 0.510000 0.750000 
10 0.515000 0.750000 
10 0.520000 0.750000 
10 0.525000 0.750000 
10 0.530000 0.750000 
10 0.535000 0.750000 
10 0.540000 0.750000 
10 0.545000 0.750000 
10 0.550000 0.750000 
10 0.555000 0.750000 
10 0.560000 0.750000 
10 0.565000 0.750000 
10 0.570000 0.750000 
10 0.575000 0.750000 
10 0.580000 0.750000 
10 0.585000 0.750000 
10 0.590000 0.750000 
10 0.595000 0.750000 
10 0.600000 0.750000 
10 0.605000 0.750000 
10 0.610000 0.750000 
10 0.615000 0.750000 
10 0.620000 0.750000 
10 0.625000 0.750000 
10 0.630000 0.750000 
10 0.635000 0.750000 
10 0.640000 0.750000 
10 0.645000 0.750000 
10 0.650000 0.750000 
10 0.655000 0.750000 
10 0.660000 0.750000 
10 0.665000 0.750000 
10 0.670000 0.750000 
10 0.675000 0.750000 
10 0.680000 0.750000 
10 0.685000 0.750000 
10 0.690000 0.750000 
10 0.695000 0.750000 
10 0.700000 0.750000 
10 0.705000 0.750000 
10 0.710000 0.750000 
10 0.715000 0.750000 
10 0.720000 0.750000 
10 0.725000 0.750000 
10 0.730000 0.750000 
10 0.735000 0.750000 
10 0.740000 0.750000 
10 0.745000 0.750000 
10 0.750000 0.750000 
11 0.250000 0.250000 
11 0.250000 0.255000 
11 0.250000 0.260000 
11 0.250000 0.265000 
11 0.250000 0.270000 
11 0.250000 0.275000 
11 0.250000 0.280000 
11 0.250000 0.285000 
11 0.250000 0.290000 
11 0.250000 0.295000 
11 0.250000 0.300000 
11 0.250000 0.305000 
11 0.250000 0.310000 
11 0.250000 0.315000 
11 0.250000 0.320000 
11 0.250000 0.325000 
11 0.250000 0.330000 
11 0.250000 0.335000 
11 0.250000 0.340000 
11 0.250000 0.345000 
11 0.250000 0.350000 
11 0.250000 0.355000 
11 0.250000 0.360000 
11 0.250000 0.365000 
11 0.250000 0.370000 
11 0.250000 0.375000 
11 0.250000 0.380000 
11 0.250000 0.385000 
11 0.250000 0.390000 
11 0.250000 0.395000 
11 0.250000 0.400000 
11 0.250000 0.405000 
11 0.250000 0.410000 
11 0.250000 0.415000 
11 0.250000 0.420000 
11 0.250000 0.425000 
11 0.250000 0.430000 
11 0.250000 0.435000 
11 0.250000 0.440000 
11 0.250000 0.445000 
11 0.250000 0.450000 
11 0.250000 0.455000 
11 0.250000 0.460000 
11 0.250000 0.465000 
11 0.250000 0.470000 
11 0.250000 0.475000 
11 0.250000 0.480000 
11 0.250000 0.485000 
11 0.250000 0.490000 
11 0.250000 0.495000 
11 0.250000 0.500000 
11 0.250000 0.505000 
11 0.250000 0.510000 
11 0.250000 0.515000 
11 0.250000 0.520000 
11 0.250000 0.525000 
11 0.250000 0.530000 
11 0.250000 0.535000 
11 0.250000 0.540000 
11 0.250000 0.545000 
11 0.250000 0.550000 
11 0.250000 0.555000 
11 0.250000 0.560000 
11 0.250000 0.565000 
11 0.250000 0.570000 
11 0.250000 0.575000 
11 0.250000 0.580000 
11 0.250000 0.585000 
11 0.250000 0.590000 
11 0.250000 0.595000 
11 0.250000 0.600000 
11 0.250000 0.605000 
11 0.250000 0.610000 
11 0.250000 0.615000 
11 0.250000 0.620000 
11 0.250000 0.625000 
11 0.250000 0.630000 
11 0.250000 0.635000 
11 0.250000 0.640000 
11 0.250000 0.645000 
11 0.250000 0.650000 
11 0.250000 0.655000 
11 0.250000 0.660000 
11 0.250000 0.665000 
11 0.250000 0.670000 
11 0.250000 0.675000 
11 0.250000 0.680000 
11 0.250000 0.685000 
11 0.250000 0.690000 
11 0.250000 0.695000 
11 0.250000 0.700000 
11 0.250000 0.705000 
11 0.250000 0.710000 
11 0.250000 0.715000 
11 0.250000 0.720000 
11 0.250000 0.725000 
11 0.250000 0.730000 
11 0.250000 0.735000 
11 0.250000 0.740000 
11 0.250000 0.745000 
11 0.250000 0.750000 
12 0.300000 0.250000 
12 0.300000 0.255000 
12 0.300000 0.260000 
12 0.300000 0.265000 
12 0.300000 0.270000 
12 0.300000 0.275000 
12 0.300000 0.280000 
12 0.300000 0.285000 
12 0.300000 0.290000 
12 0.300000 0.295000 
12 0.300000 0.300000 
12 0.300000 0.305000 
12 0.300000 0.310000 
12 0.300000 0.315000 
12 0.300000 0.320000 
12 0.300000 0.325000 
12 0.300000 0.330000 
12 0.300000 0.335000 
12 0.300000 0.340000 
12 0.300000 0.345000 
12 0.300000 0.350000 
12 0.300000 0.355000 
12 0.300000 0.360000 
12 0.300000 0.365000 
12 0.300000 0.370000 
12 0.300000 0.375000 
12 0.300000 0.380000 
12 0.300000 0.385000 
12 0.300000 0.390000 
12 0.300000 0.395000 
12 0.300000 0.400000 
12 0.300000 0.405000 
12 0.300000 0.410000 
12 0.300000 0.415000 
12 0.300000 0.420000 
12 0.300000 0.425000 
12 0.300000 0.430000 
12 0.300000 0.435000 
12 0.300000 0.440000 
12 0.300000 0.445000 
12 0.300000 0.450000 
12 0.300000 0.455000 
12 0.300000 0.460000 
12 0.300000 0.465000 
12 0.300000 0.470000 
12 0.300000 0.475000 
12 0.300000 0.480000 
12 0.300000 0.485000 
12 0.300000 0.490000 
12 0.300000 0.495000 
12 0.300000 0.500000 
12 0.300000 0.505000 
12 0.300000 0.510000 
12 0.300000 0.515000 
12 0.300000 0.520000 
12 0.300000 0.525000 
12 0.300000 0.530000 
12 0.300000 0.535000 
12 0.300000 0.540000 
12 0.300000 0.545000 
12 0.300000 0.550000 
12 0.300000 0.555000 
12 0.300000 0.560000 
12 0.300000 0.565000 
12 0.300000 0.570000 
12 0.300000 0.575000 
12 0.300000 0.580000 
12 0.300000 0.585000 
12 0.300000 0.590000 
12 0.300000 0.595000 
12 0.300000 0.600000 
12 0.300000 0.605000 
12 0.300000 0.610000 
12 0.300000 0.615000 
12 0.300000 0.620000 
12 0.300000 0.625000 
12 0.300000 0.630000 
12 0.300000 0.635000 
12 0.300000 0.640000 
12 0.300000 0.645000 
12 0.300000 0.650000 
12 0.300000 0.655000 
12 0.300000 0.660000 
12 0.300000 0.665000 
12 0.300000 0.670000 
12 0.300000 0.675000 
12 0.300000 0.680000 
12 0.300000 0.685000 
12 0.300000 0.690000 
12 0.300000 0.695000 
12 0.300000 0.700000 
12 0.300000 0.705000 
12 0.300000 0.710000 
12 0.300000 0.715000 
12 0.300000 0.720000 
12 0.300000 0.725000 
12 0.300000 0.730000 
12 0.300000 0.735000 
12 0.300000 0.740000 
12 0.300000 0.745000 
12 0.300000 0.750000 
13 0.350000 0.250000 
13 0.350000 0.255000 
13 0.350000 0.260000 
13 0.350000 0.265000 
13 0.350000 0.270000 
13 0.350000 0.275000 
13 0.350000 0.280000 
13 0.350000 0.285000 
13 0.350000 0.290000 
13 0.350000 0.295000 
13 0.350000 0.300000 
13 0.350000 0.305000 
13 0.350000 0.310000 
13 0.350000 0.315000 
13 0.350000 0.320000 
13 0.350000 0.325000 
13 0.350000 0.330000 
13 0.350000 0.335000 
13 0.350000 0.340000 
13 0.350000 0.345000 
13 0.350000 0.350000 
13 0.350000 0.355000 
13 0.350000 0.360000 
13 0.350000 0.365000 
13 0.350000 0.370000 
13 0.350000 0.375000 
13 0.350000 0.380000 
13 0.350000 0.385000 
13 0.350000 0.390000 
13 0.350000 0.395000 
13 0.350000 0.400000 
13 0.350000 0.405000 
13 0.350000 0.410000 
13 0.350000 0.415000 
13 0.350000 0.420000 
13 0.350000 0.425000 
13 0.350000 0.430000 
13 0.350000 0.435000 
13 0.350000 0.440000 
13 0.350000 0.445000 
13 0.350000 0.450000 
13 0.350000 0.455000 
13 0.350000 0.460000 
13 0.350000 0.465000 
13 0.350000 0.470000 
13 0.350000 0.475000 
13 0.350000 0.480000 
13 0.350000 0.485000 
13 0.350000 0.490000 
13 0.350000 0.495000 
13 0.350000 0.500000 
13 0.350000 0.505000 
13 0.350000 0.510000 
13 0.350000 0.515000 
13 0.350000 0.520000 
13 0.350000 0.525000 
13 0.350000 0.530000 
13 0.350000 0.535000 
13 0.350000 0.540000 
13 0.350000 0.545000 
13 0.350000 0.550000 
13 0.350000 0.555000 
13 0.350000 0.560000 
13 0.350000 0.565000 
13 0.350000 0.570000 
13 0.350000 0.575000 
13 0.350000 0.580000 
13 0.350000 0.585000 
13 0.350000 0.590000 
13 0.350000 0.595000 
13 0.350000 0.600000 
13 0.350000 0.605000 
13 0.350000 0.610000 
13 0.350000 0.615000 
13 0.350000 0.620000 
13 0.350000 0.625000 
13 0.350000 0.630000 
13 0.350000 0.635000 
13 0.350000 0.640000 
13 0.350000 0.645000 
13 0.350000 0.650000 
13 0.350000 0.655000 
13 0.350000 0.660000 
13 0.350000 0.665000 
13 0.350000 0.670000 
13 0.350000 0.675000 
13 0.350000 0.680000 
13 0.350000 0.685000 
13 0.350000 0.690000 
13 0.350000 0.695000 
13 0.350000 0.700000 
13 0.350000 0.705000 
13 0.350000 0.710000 
13 0.350000 0.715000 
13 0.350000 0.720000 
13 0.350000 0.725000 
13 0.350000 0.730000 
13 0.350000 0.735000 
13 0.350000 0.740000 
13 0.350000 0.745000 
13 0.350000 0.750000 
14 0.400000 0.250000 
14 0.400000 0.255000 
14 0.400000 0.260000 
14 0.400000 0.265000 
14 0.400000 0.270000 
14 0.400000 0.275000 
14 0.400000 0.280000 
14 0.400000 0.285000 
14 0.400000 0.290000 
14 0.400000 0.295000 
14 0.400000 0.300000 
14 0.400000 0.305000 
14 0.400000 0.310000 
14 0.400000 0.315000 
14 0.400000 0.320000 
14 0.400000 0.325000 
14 0.400000 0.330000 
14 0.400000 0.335000 
14 0.400000 0.340000 
14 0.400000 0.345000 
14 0.400000 0.350000 
14 0.400000 0.355000 
14 0.400000 0.360000 
14 0.400000 0.365000 
14 0.400000 0.370000 
14 0.400000 0.375000 
14 0.400000 0.380000 
14 0.400000 0.385000 
14 0.400000 0.390000 
14 0.400000 0.395000 
14 0.400000 0.400000 
14 0.400000 0.405000 
14 0.400000 0.410000 
14 0.400000 0.415000 
14 0.400000 0.420000 
14 0.400000 0.425000 
14 0.400000 0.430000 
14 0.400000 0.435000 
14 0.400000 0.440000 
14 0.400000 0.445000 
14 0.400000 0.450000 
14 0.400000 0.455000 
14 0.400000 0.460000 
14 0.400000 0.465000 
14 0.400000 0.470000 
14 0.400000 0.475000 
14 0.400000 0.480000 
14 0.400000 0.485000 
14 0.400000 0.490000 
14 0.400000 0.495000 
14 0.400000 0.500000 
14 0.400000 0.505000 
14 0.400000 0.510000 
14 0.400000 0.515000 
14 0.400000 0.520000 
14 0.400000 0.525000 
14 0.400000 0.530000 
14 0.400000 0.535000 
14 0.400000 0.540000 
14 0.400000 0.545000 
14 0.400000 0.550000 
14 0.400000 0.555000 
14 0.400000 0.560000 
14 0.400000 0.565000 
14 0.400000 0.570000 
14 0.400000 0.575000 
14 0.400000 0.580000 
14 0.400000 0.585000 
14 0.400000 0.590000 
14 0.400000 0.595000 
14 0.400000 0.600000 
14 0.400000 0.605000 
14 0.400000 0.610000 
14 0.400000 0.615000 
14 0.400000 0.620000 
14 0.400000 0.625000 
14 0.400000 0.630000 
14 0.400000 0.635000 
14 0.400000 0.640000 
14 0.400000 0.645000 
14 0.400000 0.650000 
14 0.400000 0.655000 
14 0.400000 0.660000 
14 0.400000 0.665000 
14 0.400000 0.670000 
14 0.400000 0.675000 
14 0.400000 0.680000 
14 0.400000 0.685000 
14 0.400000 0.690000 
14 0.400000 0.695000 
14 0.400000 0.700000 
14 0.400000 0.705000 
14 0.400000 0.710000 
14 0.400000 0.715000 
14 0.400000 0.720000 
14 0.400000 0.725000 
14 0.400000 0.730000 
14 0.400000 0.735000 
14 0.400000 0.740000 
14 0.400000 0.745000 
14 0.400000 0.750000 
15 0.450000 0.250000 
15 0.450000 0.255000 
15 0.450000 0.260000 
15 0.450000 0.265000 
15 0.450000 0.270000 
15 0.450000 0.275000 
15 0.450000 0.280000 
15 0.450000 0.285000 
15 0.450000 0.290000 
15 0.450000 0.295000 
15 0.450000 0.300000 
15 0.450000 0.305000 
15 0.450000 0.310000 
15 0.450000 0.315000 
15 0.450000 0.320000 
15 0.450000 0.325000 
15 0.450000 0.330000 
15 0.450000 0.335000 
15 0.450000 0.340000 
15 0.450000 0.345000 
15 0.450000 0.350000 
15 0.450000 0.355000 
15 0.450000 0.360000 
15 0.450000 0.365000 
15 0.450000 0.370000 
15 0.450000 0.375000 
15 0.450000 0.380000 
15 0.450000 0.385000 
15 0.450000 0.390000 
15 0.450000 0.395000 
15 0.450000 0.400000 
15 0.450000 0.405000 
15 0.450000 0.410000 
15 0.450000 0.415000 
15 0.450000 0.420000 
15 0.450000 0.425000 
15 0.450000 0.430000 
15 0.450000 0.435000 
15 0.450000 0.440000 
15 0.450000 0.445000 
15 0.450000 0.450000 
15 0.450000 0.455000 
15 0.450000 0.460000 
15 0.450000 0.465000 
15 0.450000 0.470000 
15 0.450000 0.475000 
15 0.450000 0.480000 
15 0.450000 0.485000 
15 0.450000 0.490000 
15 0.450000 0.495000 
15 0.450000 0.500000 
15 0.450000 0.505000 
15 0.450000 0.510000 
15 0.450000 0.515000 
15 0.450000 0.520000 
15 0.450000 0.525000 
15 0.450000 0.530000 
15 0.450000 0.535000 
15 0.450000 0.540000 
15 0.450000 0.545000 
15 0.450000 0.550000 
15 0.450000 0.555000 
15 0.450000 0.560000 
15 0.450000 0.565000 
15 0.450000 0.570000 
15 0.450000 0.575000 
15 0.450000 0.580000 
15 0.450000 0.585000 
15 0.450000 0.590000 
15 0.450000 0.595000 
15 0.450000 0.600000 
15 0.450000 0.605000 
15 0.450000 0.610000 
15 0.450000 0.615000 
15 0.450000 0.620000 
15 0.450000 0.625000 
15 0.450000 0.630000 
15 0.450000 0.635000 
15 0.450000 0.640000 
15 0.450000 0.645000 
15 0.450000 0.650000 
15 0.450000 0.655000 
15 0.450000 0.660000 
15 0.450000 0.665000 
15 0.450000 0.670000 
15 0.450000 0.675000 
15 0.450000 0.680000 
15 0.450000 0.685000 
15 0.450000 0.690000 
15 0.450000 0.695000 
15 0.450000 0.700000 
15 0.450000 0.705000 
15 0.450000 0.710000 
15 0.450000 0.715000 
15 0.450000 0.720000 
15 0.450000 0.725000 
15 0.450000 0.730000 
15 0.450000 0.735000 
15 0.450000 0.740000 
15 0.450000 0.745000 
15 0.450000 0.750000 
16 0.500000 0.250000 
16 0.500000 0.255000 
16 0.500000 0.260000 
16 0.500000 0.265000 
16 0.500000 0.270000 
16 0.500000 0.275000 
16 0.500000 0.280000 
16 0.500000 0.285000 
16 0.500000 0.290000 
16 0.500000 0.295000 
16 0.500000 0.300000 
16 0.500000 0.305000 
16 0.500000 0.310000 
16 0.500000 0.315000 
16 0.500000 0.320000 
16 0.500000 0.325000 
16 0.500000 0.330000 
16 0.500000 0.335000 
16 0.500000 0.340000 
16 0.500000 0.345000 
16 0.500000 0.350000 
16 0.500000 0.355000 
16 0.500000 0.360000 
16 0.500000 0.365000 
16 0.500000 0.370000 
16 0.500000 0.375000 
16 0.500000 0.380000 
16 0.500000 0.385000 
16 0.500000 0.390000 
16 0.500000 0.395000 
16 0.500000 0.400000 
16 0.500000 0.405000 
16 0.500000 0.410000 
16 0.500000 0.415000 
16 0.500000 0.420000 
16 0.500000 0.425000 
16 0.500000 0.430000 
16 0.500000 0.435000 
16 0.500000 0.440000 
16 0.500000 0.445000 
16 0.500000 0.450000 
16 0.500000 0.455000 
16 0.500000 0.460000 
16 0.500000 0.465000 
16 0.500000 0.470000 
16 0.500000 0.475000 
16 0.500000 0.480000 
16 0.500000 0.485000 
16 0.500000 0.490000 
16 0.500000 0.495000 
16 0.500000 0.500000 
16 0.500000 0.505000 
16 0.500000 0.510000 
16 0.500000 0.515000 
16 0.500000 0.520000 
16 0.500000 0.525000 
16 0.500000 0.530000 
16 0.500000 0.535000 
16 0.500000 0.540000 
16 0.500000 0.545000 
16 0.500000 0.550000 
16 0.500000 0.555000 
16 0.500000 0.560000 
16 0.500000 0.565000 
16 0.500000 0.570000 
16 0.500000 0.575000 
16 0.500000 0.580000 
16 0.500000 0.585000 
16 0.500000 0.590000 
16 0.500000 0.595000 
16 0.500000 0.600000 
16 0.500000 0.605000 
16 0.500000 0.610000 
16 0.500000 0.615000 
16 0.500000 0.620000 
16 0.500000 0.625000 
16 0.500000 0.630000 
16 0.500000 0.635000 
16 0.500000 0.640000 
16 0.500000 0.645000 
16 0.500000 0.650000 
16 0.500000 0.655000 
16 0.500000 0.660000 
16 0.500000 0.665000 
16 0.500000 0.670000 
16 0.500000 0.675000 
16 0.500000 0.680000 
16 0.500000 0.685000 
16 0.500000 0.690000 
16 0.500000 0.695000 
16 0.500000 0.700000 
16 0.500000 0.705000 
16 0.500000 0.710000 
16 0.500000 0.715000 
16 0.500000 0.720000 
16 0.500000 0.725000 
16 0.500000 0.730000 
16 0.500000 0.735000 
16 0.500000 0.740000 
16 0.500000 0.745000 
16 0.500000 0.750000 
17 0.550000 0.250000 
17 0.550000 0.255000 
17 0.550000 0.260000 
17 0.550000 0.265000 
17 0.550000 0.270000 
17 0.550000 0.275000 
17 0.550000 0.280000 
17 0.550000 0.285000 
17 0.550000 0.290000 
17 0.550000 0.295000 
17 0.550000 0.300000 
17 0.550000 0.305000 
17 0.550000 0.310000 
17 0.550000 0.315000 
17 0.550000 0.320000 
17 0.550000 0.325000 
17 0.550000 0.330000 
17 0.550000 0.335000 
17 0.550000 0.340000 
17 0.550000 0.345000 
17 0.550000 0.350000 
17 0.550000 0.355000 
17 0.550000 0.360000 
17 0.550000 0.365000 
17 0.550000 0.370000 
17 0.550000 0.375000 
17 0.550000 0.380000 
17 0.550000 0.385000 
17 0.550000 0.390000 
17 0.550000 0.395000 
17 0.550000 0.400000 
17 0.550000 0.405000 
17 0.550000 0.410000 
17 0.550000 0.415000 
17 0.550000 0.420000 
17 0.550000 0.425000 
17 0.550000 0.430000 
17 0.550000 0.435000 
17 0.550000 0.440000 
17 0.550000 0.445000 
17 0.550000 0.450000 
17 0.550000 0.455000 
17 0.550000 0.460000 
17 0.550000 0.465000 
17 0.550000 0.470000 
17 0.550000 0.475000 
17 0.550000 0.480000 
17 0.550000 0.485000 
17 0.550000 0.490000 
17 0.550000 0.495000 
17 0.550000 0.500000 
17 0.550000 0.505000 
17 0.550000 0.510000 
17 0.550000 0.515000 
17 0.550000 0.520000 
17 0.550000 0.525000 
17 0.550000 0.530000 
17 0.550000 0.535000 
17 0.550000 0.540000 
17 0.550000 0.545000 
17 0.550000 0.550000 
17 0.550000 0.555000 
17 0.550000 0.560000 
17 0.550000 0.565000 
17 0.550000 0.570000 
17 0.550000 0.575000 
17 0.550000 0.580000 
17 0.550000 0.585000 
17 0.550000 0.590000 
17 0.550000 0.595000 
17 0.550000 0.600000 
17 0.550000 0.605000 
17 0.550000 0.610000 
17 0.550000 0.615000 
17 0.550000 0.620000 
17 0.550000 0.625000 
17 0.550000 0.630000 
17 0.550000 0.635000 
17 0.550000 0.640000 
17 0.550000 0.645000 
17 0.550000 0.650000 
17 0.550000 0.655000 
17 0.550000 0.660000 
17 0.550000 0.665000 
17 0.550000 0.670000 
17 0.550000 0.675000 
17 0.550000 0.680000 
17 0.550000 0.685000 
17 0.550000 0.690000 
17 0.550000 0.695000 
17 0.550000 0.700000 
17 0.550000 0.705000 
17 0.550000 0.710000 
17 0.550000 0.715000 
17 0.550000 0.720000 
17 0.550000 0.725000 
17 0.550000 0.730000 
17 0.550000 0.735000 
17 0.550000 0.740000 
17 0.550000 0.745000 
17 0.550000 0.750000 
18 0.600000 0.250000 
18 0.600000 0.255000 
18 0.600000 0.260000 
18 0.600000 0.265000 
18 0.600000 0.270000 
18 0.600000 0.275000 
18 0.600000 0.280000 
18 0.600000 0.285000 
18 0.600000 0.290000 
18 0.600000 0.295000 
18 0.600000 0.300000 
18 0.600000 0.305000 
18 0.600000 0.310000 
18 0.600000 0.315000 
18 0.600000 0.320000 
18 0.600000 0.325000 
18 0.600000 0.330000 
18 0.600000 0.335000 
18 0.600000 0.340000 
18 0.600000 0.345000 
18 0.600000 0.350000 
18 0.600000 0.355000 
18 0.600000 0.360000 
18 0.600000 0.365000 
18 0.600000 0.370000 
18 0.600000 0.375000 
18 0.600000 0.380000 
18 0.600000 0.385000 
18 0.600000 0.390000 
18 0.600000 0.395000 
18 0.600000 0.400000 
18 0.600000 0.405000 
18 0.600000 0.410000 
18 0.600000 0.415000 
18 0.600000 0.420000 
18 0.600000 0.425000 
18 0.600000 0.430000 
18 0.600000 0.435000 
18 0.600000 0.440000 
18 0.600000 0.445000 
18 0.600000 0.450000 
18 0.600000 0.455000 
18 0.600000 0.460000 
18 0.600000 0.465000 
18 0.600000 0.470000 
18 0.600000 0.475000 
18 0.600000 0.480000 
18 0.600000 0.485000 
18 0.600000 0.490000 
18 0.600000 0.495000 
18 0.600000 0.500000 
18 0.600000 0.505000 
18 0.600000 0.510000 
18 0.600000 0.515000 
18 0.600000 0.520000 
18 0.600000 0.525000 
18 0.600000 0.530000 
18 0.600000 0.535000 
18 0.600000 0.540000 
18 0.600000 0.545000 
18 0.600000 0.550000 
18 0.600000 0.555000 
18 0.600000 0.560000 
18 0.600000 0.565000 
18 0.600000 0.570000 
18 0.600000 0.575000 
18 0.600000 0.580000 
18 0.600000 0.585000 
18 0.600000 0.590000 
18 0.600000 0.595000 
18 0.600000 0.600000 
18 0.600000 0.605000 
18 0.600000 0.610000 
18 0.600000 0.615000 
18 0.600000 0.620000 
18 0.600000 0.625000 
18 0.600000 0.630000 
18 0.600000 0.635000 
18 0.600000 0.640000 
18 0.600000 0.645000 
18 0.600000 0.650000 
18 0.600000 0.655000 
18 0.600000 0.660000 
18 0.600000 0.665000 
18 0.600000 0.670000 
18 0.600000 0.675000 
18 0.600000 0.680000 
18 0.600000 0.685000 
18 0.600000 0.690000 
18 0.600000 0.695000 
18 0.600000 0.700000 
18 0.600000 0.705000 
18 0.600000 0.710000 
18 0.600000 0.715000 
18 0.600000 0.720000 
18 0.600000 0.725000 
18 0.600000 0.730000 
18 0.600000 0.735000 
18 0.600000 0.740000 
18 0.600000 0.745000 
18 0.600000 0.750000 
19 0.650000 0.250000 
19 0.650000 0.255000 
19 0.650000 0.260000 
19 0.650000 0.265000 
19 0.650000 0.270000 
19 0.650000 0.275000 
19 0.650000 0.280000 
19 0.650000 0.285000 
19 0.650000 0.290000 
19 0.650000 0.295000 
19 0.650000 0.300000 
19 0.650000 0.305000 
19 0.650000 0.310000 
19 0.650000 0.315000 
19 0.650000 0.320000 
19 0.650000 0.325000 
19 0.650000 0.330000 
19 0.650000 0.335000 
19 0.650000 0.340000 
19 0.650000 0.345000 
19 0.650000 0.350000 
19 0.650000 0.355000 
19 0.650000 0.360000 
19 0.650000 0.365000 
19 0.650000 0.370000 
19 0.650000 0.375000 
19 0.650000 0.380000 
19 0.650000 0.385000 
19 0.650000 0.390000 
19 0.650000 0.395000 
19 0.650000 0.400000 
19 0.650000 0.405000 
19 0.650000 0.410000 
19 0.650000 0.415000 
19 0.650000 0.420000 
19 0.650000 0.425000 
19 0.650000 0.430000 
19 0.650000 0.435000 
19 0.650000 0.440000 
19 0.650000 0.445000 
19 0.650000 0.450000 
19 0.650000 0.455000 
19 0.650000 0.460000 
19 0.650000 0.465000 
19 0.650000 0.470000 
19 0.650000 0.475000 
19 0.650000 0.480000 
19 0.650000 0.485000 
19 0.650000 0.490000 
19 0.650000 0.495000 
19 0.650000 0.500000 
19 0.650000 0.505000 
19 0.650000 0.510000 
19 0.650000 0.515000 
19 0.650000 0.520000 
19 0.650000 0.525000 
19 0.650000 0.530000 
19 0.650000 0.535000 
19 0.650000 0.540000 
19 0.650000 0.545000 
19 0.650000 0.550000 
19 0.650000 0.555000 
19 0.650000 0.560000 
19 0.650000 0.565000 
19 0.650000 0.570000 
19 0.650000 0.575000 
19 0.650000 0.580000 
19 0.650000 0.585000 
19 0.650000 0.590000 
19 0.650000 0.595000 
19 0.650000 0.600000 
19 0.650000 0.605000 
19 0.650000 0.610000 
19 0.650000 0.615000 
19 0.650000 0.620000 
19 0.650000 0.625000 
19 0.650000 0.630000 
19 0.650000 0.635000 
19 0.650000 0.640000 
19 0.650000 0.645000 
19 0.650000 0.650000 
19 0.650000 0.655000 
19 0.650000 0.660000 
19 0.650000 0.665000 
19 0.650000 0.670000 
19 0.650000 0.675000 
19 0.650000 0.680000 
19 0.650000 0.685000 
19 0.650000 0.690000 
19 0.650000 0.695000 
19 0.650000 0.700000 
19 0.650000 0.705000 
19 0.650000 0.710000 
19 0.650000 0.715000 
19 0.650000 0.720000 
19 0.650000 0.725000 
19 0.650000 0.730000 
19 0.650000 0.735000 
19 0.650000 0.740000 
19 0.650000 0.745000 
19 0.650000 0.750000 
20 0.700000 0.250000 
20 0.700000 0.255000 
20 0.700000 0.260000 
20 0.700000 0.265000 
20 0.700000 0.270000 
20 0.700000 0.275000 
20 0.700000 0.280000 
20 0.700000 0.285000 
20 0.700000 0.290000 
20 0.700000 0.295000 
20 0.700000 0.300000 
20 0.700000 0.305000 
20 0.700000 0.310000 
20 0.700000 0.315000 
20 0.700000 0.320000 
20 0.700000 0.325000 
20 0.700000 0.330000 
20 0.700000 0.335000 
20 0.700000 0.340000 
20 0.700000 0.345000 
20 0.700000 0.350000 
20 0.700000 0.355000 
20 0.700000 0.360000 
20 0.700000 0.365000 
20 0.700000 0.370000 
20 0.700000 0.375000 
20 0.700000 0.380000 
20 0.700000 0.385000 
20 0.700000 0.390000 
20 0.700000 0.395000 
20 0.700000 0.400000 
20 0.700000 0.405000 
20 0.700000 0.410000 
20 0.700000 0.415000 
20 0.700000 0.420000 
20 0.700000 0.425000 
20 0.700000 0.430000 
20 0.700000 0.435000 
20 0.700000 0.440000 
20 0.700000 0.445000 
20 0.700000 0.450000 
20 0.700000 0.455000 
20 0.700000 0.460000 
20 0.700000 0.465000 
20 0.700000 0.470000 
20 0.700000 0.475000 
20 0.700000 0.480000 
20 0.700000 0.485000 
20 0.700000 0.490000 
20 0.700000 0.495000 
20 0.700000 0.500000 
20 0.700000 0.505000 
20 0.700000 0.510000 
20 0.700000 0.515000 
20 0.700000 0.520000 
20 0.700000 0.525000 
20 0.700000 0.530000 
20 0.700000 0.535000 
20 0.700000 0.540000 
20 0.700000 0.545000 
20 0.700000 0.550000 
20 0.700000 0.555000 
20 0.700000 0.560000 
20 0.700000 0.565000 
20 0.700000 0.570000 
20 0.700000 0.575000 
20 0.700000 0.580000 
20 0.700000 0.585000 
20 0.700000 0.590000 
20 0.700000 0.595000 
20 0.700000 0.600000 
20 0.700000 0.605000 
20 0.700000 0.610000 
20 0.700000 0.615000 
20 0.700000 0.620000 
20 0.700000 0.625000 
20 0.700000 0.630000 
20 0.700000 0.635000 
20 0.700000 0.640000 
20 0.700000 0.645000 
20 0.700000 0.650000 
20 0.700000 0.655000 
20 0.700000 0.660000 
20 0.700000 0.665000 
20 0.700000 0.670000 
20 0.700000 0.675000 
20 0.700000 0.680000 
20 0.700000 0.685000 
20 0.700000 0.690000 
20 0.700000 0.695000 
20 0.700000 0.700000 
20 0.700000 0.705000 
20 0.700000 0.710000 
20 0.700000 0.715000 
20 0.700000 0.720000 
20 0.700000 0.725000 
20 0.700000 0.730000 
20 0.700000 0.735000 
20 0.700000 0.740000 
20 0.700000 0.745000 
20 0.700000 0.750000 
21 0.750000 0.250000 
21 0.750000 0.255000 
21 0.750000 0.260000 
21 0.750000 0.265000 
21 0.750000 0.270000 
21 0.750000 0.275000 
21 0.750000 0.280000 
21 0.750000 0.285000 
21 0.750000 0.290000 
21 0.750000 0.295000 
21 0.750000 0.300000 
21 0.750000 0.305000 
21 0.750000 0.310000 
21 0.750000 0.315000 
21 0.750000 0.320000 
21 0.750000 0.325000 
21 0.750000 0.330000 
21 0.750000 0.335000 
21 0.750000 0.340000 
21 0.750000 0.345000 
21 0.750000 0.350000 
21 0.750000 0.355000 
21 0.750000 0.360000 
21 0.750000 0.365000 
21 0.750000 0.370000 
21 0.750000 0.375000 
21 0.750000 0.380000 
21 0.750000 0.385000 
21 0.750000 0.390000 
21 0.750000 0.395000 
21 0.750000 0.400000 
21 0.750000 0.405000 
21 0.750000 0.410000 
21 0.750000 0.415000 
21 0.750000 0.420000 
21 0.750000 0.425000 
21 0.750000 0.430000 
21 0.750000 0.435000 
21 0.750000 0.440000 
21 0.750000 0.445000 
21 0.750000 0.450000 
21 0.750000 0.455000 
21 0.750000 0.460000 
21 0.750000 0.465000 
21 0.750000 0.470000 
21 0.750000 0.475000 
21 0.750000 0.480000 
21 0.750000 0.485000 
21 0.750000 0.490000 
21 0.750000 0.495000 
21 0.750000 0.500000 
21 0.750000 0.505000 
21 0.750000 0.510000 
21 0.750000 0.515000 
21 0.750000 0.520000 
21 0.750000 0.525000 
21 0.750000 0.530000 
21 0.750000 0.535000 
21 0.750000 0.540000 
21 0.750000 0.545000 
21 0.750000 0.550000 
21 0.750000 0.555000 
21 0.750000 0.560000 
21 0.750000 0.565000 
21 0.750000 0.570000 
21 0.750000 0.575000 
21 0.750000 0.580000 
21 0.750000 0.585000 
21 0.750000 0.590000 
21 0.750000 0.595000 
21 0.750000 0.600000 
21 0.750000 0.605000 
21 0.750000 0.610000 
21 0.750000 0.615000 
21 0.750000 0.620000 
21 0.750000 0.625000 
21 0.750000 0.630000 
21 0.750000 0.635000 
21 0.750000 0.640000 
21 0.750000 0.645000 
21 0.750000 0.650000 
21 0.750000 0.655000 
21 0.750000 0.660000 
21 0.750000 0.665000 
21 0.750000 0.670000 
21 0.750000 0.675000 
21 0.750000 0.680000 
21 0.750000 0.685000 
21 0.750000 0.690000 
21 0.750000 0.695000 
21 0.750000 0.700000 
21 0.750000 0.705000 
21 0.750000 0.710000 
21 0.750000 0.715000 
21 0.750000 0.720000 
21 0.750000 0.725000 
21 0.750000 0.730000 
21 0.750000 0.735000 
21 0.750000 0.740000 
21 0.750000 0.745000 
21 0.750000 0.750000 
