100 100
-0.5 0.0
-0.5 0.010000000000000009
-0.5 0.020000000000000018
-0.5 0.030000000000000027
-0.5 0.040000000000000036
-0.5 0.050000000000000044
-0.5 0.06000000000000005
-0.5 0.06999999999999995
-0.5 0.07999999999999996
-0.5 0.08999999999999997
-0.5 0.09999999999999998
-0.5 0.10999999999999999
-0.5 0.12
-0.5 0.13
-0.5 0.14
-0.5 0.15000000000000002
-0.5 0.16000000000000003
-0.5 0.17000000000000004
-0.5 0.18000000000000005
-0.5 0.18999999999999995
-0.5 0.19999999999999996
-0.5 0.20999999999999996
-0.5 0.21999999999999997
-0.5 0.22999999999999998
-0.5 0.24
-0.5 0.25
-0.5 0.26
-0.5 0.27
-0.5 0.28
-0.5 0.29000000000000004
-0.5 0.30000000000000004
-0.5 0.31000000000000005
-0.5 0.31999999999999995
-0.5 0.32999999999999996
-0.5 0.33999999999999997
-0.5 0.35
-0.5 0.36
-0.5 0.37
-0.5 0.38
-0.5 0.39
-0.5 0.4
-0.5 0.41000000000000003
-0.5 0.42000000000000004
-0.5 0.43000000000000005
-0.5 0.43999999999999995
-0.5 0.44999999999999996
-0.5 0.45999999999999996
-0.5 0.47
-0.5 0.48
-0.5 0.49
-0.5 0.5
-0.5 0.51
-0.5 0.52
-0.5 0.53
-0.5 0.54
-0.5 0.55
-0.5 0.56
-0.5 0.5700000000000001
-0.5 0.5800000000000001
-0.5 0.5900000000000001
-0.5 0.6000000000000001
-0.5 0.6100000000000001
-0.5 0.6200000000000001
-0.5 0.6299999999999999
-0.5 0.6399999999999999
-0.5 0.6499999999999999
-0.5 0.6599999999999999
-0.5 0.6699999999999999
-0.5 0.6799999999999999
-0.5 0.69
-0.5 0.7
-0.5 0.71
-0.5 0.72
-0.5 0.73
-0.5 0.74
-0.5 0.75
-0.5 0.76
-0.5 0.77
-0.5 0.78
-0.5 0.79
-0.5 0.8
-0.5 0.81
-0.5 0.8200000000000001
-0.5 0.8300000000000001
-0.5 0.8400000000000001
-0.5 0.8500000000000001
-0.5 0.8600000000000001
-0.5 0.8700000000000001
-0.5 0.8799999999999999
-0.5 0.8899999999999999
-0.5 0.8999999999999999
-0.5 0.9099999999999999
-0.5 0.9199999999999999
-0.5 0.9299999999999999
-0.5 0.94
-0.5 0.95
-0.5 0.96
-0.5 0.97
-0.5 0.98
-0.5 0.99
-0.5 1.0
End
1.5 0.0
1.5 0.010000000000000009
1.5 0.020000000000000018
1.5 0.030000000000000027
1.5 0.040000000000000036
1.5 0.050000000000000044
1.5 0.06000000000000005
1.5 0.06999999999999995
1.5 0.07999999999999996
1.5 0.08999999999999997
1.5 0.09999999999999998
1.5 0.10999999999999999
1.5 0.12
1.5 0.13
1.5 0.14
1.5 0.15000000000000002
1.5 0.16000000000000003
1.5 0.17000000000000004
1.5 0.18000000000000005
1.5 0.18999999999999995
1.5 0.19999999999999996
1.5 0.20999999999999996
1.5 0.21999999999999997
1.5 0.22999999999999998
1.5 0.24
1.5 0.25
1.5 0.26
1.5 0.27
1.5 0.28
1.5 0.29000000000000004
1.5 0.30000000000000004
1.5 0.31000000000000005
1.5 0.31999999999999995
1.5 0.32999999999999996
1.5 0.33999999999999997
1.5 0.35
1.5 0.36
1.5 0.37
1.5 0.38
1.5 0.39
1.5 0.4
1.5 0.41000000000000003
1.5 0.42000000000000004
1.5 0.43000000000000005
1.5 0.43999999999999995
1.5 0.44999999999999996
1.5 0.45999999999999996
1.5 0.47
1.5 0.48
1.5 0.49
1.5 0.5
1.5 0.51
1.5 0.52
1.5 0.53
1.5 0.54
1.5 0.55
1.5 0.56
1.5 0.5700000000000001
1.5 0.5800000000000001
1.5 0.5900000000000001
1.5 0.6000000000000001
1.5 0.6100000000000001
1.5 0.6200000000000001
1.5 0.6299999999999999
1.5 0.6399999999999999
1.5 0.6499999999999999
1.5 0.6599999999999999
1.5 0.6699999999999999
1.5 0.6799999999999999
1.5 0.69
1.5 0.7
1.5 0.71
1.5 0.72
1.5 0.73
1.5 0.74
1.5 0.75
1.5 0.76
1.5 0.77
1.5 0.78
1.5 0.79
1.5 0.8
1.5 0.81
1.5 0.8200000000000001
1.5 0.8300000000000001
1.5 0.8400000000000001
1.5 0.8500000000000001
1.5 0.8600000000000001
1.5 0.8700000000000001
1.5 0.8799999999999999
1.5 0.8899999999999999
1.5 0.8999999999999999
1.5 0.9099999999999999
1.5 0.9199999999999999
1.5 0.9299999999999999
1.5 0.94
1.5 0.95
1.5 0.96
1.5 0.97
1.5 0.98
1.5 0.99
1.5 1.0
End
3.5 0.0
3.5 0.010000000000000009
3.5 0.020000000000000018
3.5 0.030000000000000027
3.5 0.040000000000000036
3.5 0.050000000000000044
3.5 0.06000000000000005
3.5 0.06999999999999995
3.5 0.07999999999999996
3.5 0.08999999999999997
3.5 0.09999999999999998
3.5 0.10999999999999999
3.5 0.12
3.5 0.13
3.5 0.14
3.5 0.15000000000000002
3.5 0.16000000000000003
3.5 0.17000000000000004
3.5 0.18000000000000005
3.5 0.18999999999999995
3.5 0.19999999999999996
3.5 0.20999999999999996
3.5 0.21999999999999997
3.5 0.22999999999999998
3.5 0.24
3.5 0.25
3.5 0.26
3.5 0.27
3.5 0.28
3.5 0.29000000000000004
3.5 0.30000000000000004
3.5 0.31000000000000005
3.5 0.31999999999999995
3.5 0.32999999999999996
3.5 0.33999999999999997
3.5 0.35
3.5 0.36
3.5 0.37
3.5 0.38
3.5 0.39
3.5 0.4
3.5 0.41000000000000003
3.5 0.42000000000000004
3.5 0.43000000000000005
3.5 0.43999999999999995
3.5 0.44999999999999996
3.5 0.45999999999999996
3.5 0.47
3.5 0.48
3.5 0.49
3.5 0.5
3.5 0.51
3.5 0.52
3.5 0.53
3.5 0.54
3.5 0.55
3.5 0.56
3.5 0.5700000000000001
3.5 0.5800000000000001
3.5 0.5900000000000001
3.5 0.6000000000000001
3.5 0.6100000000000001
3.5 0.6200000000000001
3.5 0.6299999999999999
3.5 0.6399999999999999
3.5 0.6499999999999999
3.5 0.6599999999999999
3.5 0.6699999999999999
3.5 0.6799999999999999
3.5 0.69
3.5 0.7
3.5 0.71
3.5 0.72
3.5 0.73
3.5 0.74
3.5 0.75
3.5 0.76
3.5 0.77
3.5 0.78
3.5 0.79
3.5 0.8
3.5 0.81
3.5 0.8200000000000001
3.5 0.8300000000000001
3.5 0.8400000000000001
3.5 0.8500000000000001
3.5 0.8600000000000001
3.5 0.8700000000000001
3.5 0.8799999999999999
3.5 0.8899999999999999
3.5 0.8999999999999999
3.5 0.9099999999999999
3.5 0.9199999999999999
3.5 0.9299999999999999
3.5 0.94
3.5 0.95
3.5 0.96
3.5 0.97
3.5 0.98
3.5 0.99
3.5 1.0
End
5.5 0.0
5.5 0.010000000000000009
5.5 0.020000000000000018
5.5 0.030000000000000027
5.5 0.040000000000000036
5.5 0.050000000000000044
5.5 0.06000000000000005
5.5 0.06999999999999995
5.5 0.07999999999999996
5.5 0.08999999999999997
5.5 0.09999999999999998
5.5 0.10999999999999999
5.5 0.12
5.5 0.13
5.5 0.14
5.5 0.15000000000000002
5.5 0.16000000000000003
5.5 0.17000000000000004
5.5 0.18000000000000005
5.5 0.18999999999999995
5.5 0.19999999999999996
5.5 0.20999999999999996
5.5 0.21999999999999997
5.5 0.22999999999999998
5.5 0.24
5.5 0.25
5.5 0.26
5.5 0.27
5.5 0.28
5.5 0.29000000000000004
5.5 0.30000000000000004
5.5 0.31000000000000005
5.5 0.31999999999999995
5.5 0.32999999999999996
5.5 0.33999999999999997
5.5 0.35
5.5 0.36
5.5 0.37
5.5 0.38
5.5 0.39
5.5 0.4
5.5 0.41000000000000003
5.5 0.42000000000000004
5.5 0.43000000000000005
5.5 0.43999999999999995
5.5 0.44999999999999996
5.5 0.45999999999999996
5.5 0.47
5.5 0.48
5.5 0.49
5.5 0.5
5.5 0.51
5.5 0.52
5.5 0.53
5.5 0.54
5.5 0.55
5.5 0.56
5.5 0.5700000000000001
5.5 0.5800000000000001
5.5 0.5900000000000001
5.5 0.6000000000000001
5.5 0.6100000000000001
5.5 0.6200000000000001
5.5 0.6299999999999999
5.5 0.6399999999999999
5.5 0.6499999999999999
5.5 0.6599999999999999
5.5 0.6699999999999999
5.5 0.6799999999999999
5.5 0.69
5.5 0.7
5.5 0.71
5.5 0.72
5.5 0.73
5.5 0.74
5.5 0.75
5.5 0.76
5.5 0.77
5.5 0.78
5.5 0.79
5.5 0.8
5.5 0.81
5.5 0.8200000000000001
5.5 0.8300000000000001
5.5 0.8400000000000001
5.5 0.8500000000000001
5.5 0.8600000000000001
5.5 0.8700000000000001
5.5 0.8799999999999999
5.5 0.8899999999999999
5.5 0.8999999999999999
5.5 0.9099999999999999
5.5 0.9199999999999999
5.5 0.9299999999999999
5.5 0.94
5.5 0.95
5.5 0.96
5.5 0.97
5.5 0.98
5.5 0.99
5.5 1.0
End
7.5 0.0
7.5 0.010000000000000009
7.5 0.020000000000000018
7.5 0.030000000000000027
7.5 0.040000000000000036
7.5 0.050000000000000044
7.5 0.06000000000000005
7.5 0.06999999999999995
7.5 0.07999999999999996
7.5 0.08999999999999997
7.5 0.09999999999999998
7.5 0.10999999999999999
7.5 0.12
7.5 0.13
7.5 0.14
7.5 0.15000000000000002
7.5 0.16000000000000003
7.5 0.17000000000000004
7.5 0.18000000000000005
7.5 0.18999999999999995
7.5 0.19999999999999996
7.5 0.20999999999999996
7.5 0.21999999999999997
7.5 0.22999999999999998
7.5 0.24
7.5 0.25
7.5 0.26
7.5 0.27
7.5 0.28
7.5 0.29000000000000004
7.5 0.30000000000000004
7.5 0.31000000000000005
7.5 0.31999999999999995
7.5 0.32999999999999996
7.5 0.33999999999999997
7.5 0.35
7.5 0.36
7.5 0.37
7.5 0.38
7.5 0.39
7.5 0.4
7.5 0.41000000000000003
7.5 0.42000000000000004
7.5 0.43000000000000005
7.5 0.43999999999999995
7.5 0.44999999999999996
7.5 0.45999999999999996
7.5 0.47
7.5 0.48
7.5 0.49
7.5 0.5
7.5 0.51
7.5 0.52
7.5 0.53
7.5 0.54
7.5 0.55
7.5 0.56
7.5 0.5700000000000001
7.5 0.5800000000000001
7.5 0.5900000000000001
7.5 0.6000000000000001
7.5 0.6100000000000001
7.5 0.6200000000000001
7.5 0.6299999999999999
7.5 0.6399999999999999
7.5 0.6499999999999999
7.5 0.6599999999999999
7.5 0.6699999999999999
7.5 0.6799999999999999
7.5 0.69
7.5 0.7
7.5 0.71
7.5 0.72
7.5 0.73
7.5 0.74
7.5 0.75
7.5 0.76
7.5 0.77
7.5 0.78
7.5 0.79
7.5 0.8
7.5 0.81
7.5 0.8200000000000001
7.5 0.8300000000000001
7.5 0.8400000000000001
7.5 0.8500000000000001
7.5 0.8600000000000001
7.5 0.8700000000000001
7.5 0.8799999999999999
7.5 0.8899999999999999
7.5 0.8999999999999999
7.5 0.9099999999999999
7.5 0.9199999999999999
7.5 0.9299999999999999
7.5 0.94
7.5 0.95
7.5 0.96
7.5 0.97
7.5 0.98
7.5 0.99
7.5 1.0
End
9.5 0.0
9.5 0.010000000000000009
9.5 0.020000000000000018
9.5 0.030000000000000027
9.5 0.040000000000000036
9.5 0.050000000000000044
9.5 0.06000000000000005
9.5 0.06999999999999995
9.5 0.07999999999999996
9.5 0.08999999999999997
9.5 0.09999999999999998
9.5 0.10999999999999999
9.5 0.12
9.5 0.13
9.5 0.14
9.5 0.15000000000000002
9.5 0.16000000000000003
9.5 0.17000000000000004
9.5 0.18000000000000005
9.5 0.18999999999999995
9.5 0.19999999999999996
9.5 0.20999999999999996
9.5 0.21999999999999997
9.5 0.22999999999999998
9.5 0.24
9.5 0.25
9.5 0.26
9.5 0.27
9.5 0.28
9.5 0.29000000000000004
9.5 0.30000000000000004
9.5 0.31000000000000005
9.5 0.31999999999999995
9.5 0.32999999999999996
9.5 0.33999999999999997
9.5 0.35
9.5 0.36
9.5 0.37
9.5 0.38
9.5 0.39
9.5 0.4
9.5 0.41000000000000003
9.5 0.42000000000000004
9.5 0.43000000000000005
9.5 0.43999999999999995
9.5 0.44999999999999996
9.5 0.45999999999999996
9.5 0.47
9.5 0.48
9.5 0.49
9.5 0.5
9.5 0.51
9.5 0.52
9.5 0.53
9.5 0.54
9.5 0.55
9.5 0.56
9.5 0.5700000000000001
9.5 0.5800000000000001
9.5 0.5900000000000001
9.5 0.6000000000000001
9.5 0.6100000000000001
9.5 0.6200000000000001
9.5 0.6299999999999999
9.5 0.6399999999999999
9.5 0.6499999999999999
9.5 0.6599999999999999
9.5 0.6699999999999999
9.5 0.6799999999999999
9.5 0.69
9.5 0.7
9.5 0.71
9.5 0.72
9.5 0.73
9.5 0.74
9.5 0.75
9.5 0.76
9.5 0.77
9.5 0.78
9.5 0.79
9.5 0.8
9.5 0.81
9.5 0.8200000000000001
9.5 0.8300000000000001
9.5 0.8400000000000001
9.5 0.8500000000000001
9.5 0.8600000000000001
9.5 0.8700000000000001
9.5 0.8799999999999999
9.5 0.8899999999999999
9.5 0.8999999999999999
9.5 0.9099999999999999
9.5 0.9199999999999999
9.5 0.9299999999999999
9.5 0.94
9.5 0.95
9.5 0.96
9.5 0.97
9.5 0.98
9.5 0.99
9.5 1.0
End
11.5 0.0
11.5 0.010000000000000009
11.5 0.020000000000000018
11.5 0.030000000000000027
11.5 0.040000000000000036
11.5 0.050000000000000044
11.5 0.06000000000000005
11.5 0.06999999999999995
11.5 0.07999999999999996
11.5 0.08999999999999997
11.5 0.09999999999999998
11.5 0.10999999999999999
11.5 0.12
11.5 0.13
11.5 0.14
11.5 0.15000000000000002
11.5 0.16000000000000003
11.5 0.17000000000000004
11.5 0.18000000000000005
11.5 0.18999999999999995
11.5 0.19999999999999996
11.5 0.20999999999999996
11.5 0.21999999999999997
11.5 0.22999999999999998
11.5 0.24
11.5 0.25
11.5 0.26
11.5 0.27
11.5 0.28
11.5 0.29000000000000004
11.5 0.30000000000000004
11.5 0.31000000000000005
11.5 0.31999999999999995
11.5 0.32999999999999996
11.5 0.33999999999999997
11.5 0.35
11.5 0.36
11.5 0.37
11.5 0.38
11.5 0.39
11.5 0.4
11.5 0.41000000000000003
11.5 0.42000000000000004
11.5 0.43000000000000005
11.5 0.43999999999999995
11.5 0.44999999999999996
11.5 0.45999999999999996
11.5 0.47
11.5 0.48
11.5 0.49
11.5 0.5
11.5 0.51
11.5 0.52
11.5 0.53
11.5 0.54
11.5 0.55
11.5 0.56
11.5 0.5700000000000001
11.5 0.5800000000000001
11.5 0.5900000000000001
11.5 0.6000000000000001
11.5 0.6100000000000001
11.5 0.6200000000000001
11.5 0.6299999999999999
11.5 0.6399999999999999
11.5 0.6499999999999999
11.5 0.6599999999999999
11.5 0.6699999999999999
11.5 0.6799999999999999
11.5 0.69
11.5 0.7
11.5 0.71
11.5 0.72
11.5 0.73
11.5 0.74
11.5 0.75
11.5 0.76
11.5 0.77
11.5 0.78
11.5 0.79
11.5 0.8
11.5 0.81
11.5 0.8200000000000001
11.5 0.8300000000000001
11.5 0.8400000000000001
11.5 0.8500000000000001
11.5 0.8600000000000001
11.5 0.8700000000000001
11.5 0.8799999999999999
11.5 0.8899999999999999
11.5 0.8999999999999999
11.5 0.9099999999999999
11.5 0.9199999999999999
11.5 0.9299999999999999
11.5 0.94
11.5 0.95
11.5 0.96
11.5 0.97
11.5 0.98
11.5 0.99
11.5 1.0
End
13.5 0.0
13.5 0.010000000000000009
13.5 0.020000000000000018
13.5 0.030000000000000027
13.5 0.040000000000000036
13.5 0.050000000000000044
13.5 0.06000000000000005
13.5 0.06999999999999995
13.5 0.07999999999999996
13.5 0.08999999999999997
13.5 0.09999999999999998
13.5 0.10999999999999999
13.5 0.12
13.5 0.13
13.5 0.14
13.5 0.15000000000000002
13.5 0.16000000000000003
13.5 0.17000000000000004
13.5 0.18000000000000005
13.5 0.18999999999999995
13.5 0.19999999999999996
13.5 0.20999999999999996
13.5 0.21999999999999997
13.5 0.22999999999999998
13.5 0.24
13.5 0.25
13.5 0.26
13.5 0.27
13.5 0.28
13.5 0.29000000000000004
13.5 0.30000000000000004
13.5 0.31000000000000005
13.5 0.31999999999999995
13.5 0.32999999999999996
13.5 0.33999999999999997
13.5 0.35
13.5 0.36
13.5 0.37
13.5 0.38
13.5 0.39
13.5 0.4
13.5 0.41000000000000003
13.5 0.42000000000000004
13.5 0.43000000000000005
13.5 0.43999999999999995
13.5 0.44999999999999996
13.5 0.45999999999999996
13.5 0.47
13.5 0.48
13.5 0.49
13.5 0.5
13.5 0.51
13.5 0.52
13.5 0.53
13.5 0.54
13.5 0.55
13.5 0.56
13.5 0.5700000000000001
13.5 0.5800000000000001
13.5 0.5900000000000001
13.5 0.6000000000000001
13.5 0.6100000000000001
13.5 0.6200000000000001
13.5 0.6299999999999999
13.5 0.6399999999999999
13.5 0.6499999999999999
13.5 0.6599999999999999
13.5 0.6699999999999999
13.5 0.6799999999999999
13.5 0.69
13.5 0.7
13.5 0.71
13.5 0.72
13.5 0.73
13.5 0.74
13.5 0.75
13.5 0.76
13.5 0.77
13.5 0.78
13.5 0.79
13.5 0.8
13.5 0.81
13.5 0.8200000000000001
13.5 0.8300000000000001
13.5 0.8400000000000001
13.5 0.8500000000000001
13.5 0.8600000000000001
13.5 0.8700000000000001
13.5 0.8799999999999999
13.5 0.8899999999999999
13.5 0.8999999999999999
13.5 0.9099999999999999
13.5 0.9199999999999999
13.5 0.9299999999999999
13.5 0.94
13.5 0.95
13.5 0.96
13.5 0.97
13.5 0.98
13.5 0.99
13.5 1.0
End
15.5 0.0
15.5 0.010000000000000009
15.5 0.020000000000000018
15.5 0.030000000000000027
15.5 0.040000000000000036
15.5 0.050000000000000044
15.5 0.06000000000000005
15.5 0.06999999999999995
15.5 0.07999999999999996
15.5 0.08999999999999997
15.5 0.09999999999999998
15.5 0.10999999999999999
15.5 0.12
15.5 0.13
15.5 0.14
15.5 0.15000000000000002
15.5 0.16000000000000003
15.5 0.17000000000000004
15.5 0.18000000000000005
15.5 0.18999999999999995
15.5 0.19999999999999996
15.5 0.20999999999999996
15.5 0.21999999999999997
15.5 0.22999999999999998
15.5 0.24
15.5 0.25
15.5 0.26
15.5 0.27
15.5 0.28
15.5 0.29000000000000004
15.5 0.30000000000000004
15.5 0.31000000000000005
15.5 0.31999999999999995
15.5 0.32999999999999996
15.5 0.33999999999999997
15.5 0.35
15.5 0.36
15.5 0.37
15.5 0.38
15.5 0.39
15.5 0.4
15.5 0.41000000000000003
15.5 0.42000000000000004
15.5 0.43000000000000005
15.5 0.43999999999999995
15.5 0.44999999999999996
15.5 0.45999999999999996
15.5 0.47
15.5 0.48
15.5 0.49
15.5 0.5
15.5 0.51
15.5 0.52
15.5 0.53
15.5 0.54
15.5 0.55
15.5 0.56
15.5 0.5700000000000001
15.5 0.5800000000000001
15.5 0.5900000000000001
15.5 0.6000000000000001
15.5 0.6100000000000001
15.5 0.6200000000000001
15.5 0.6299999999999999
15.5 0.6399999999999999
15.5 0.6499999999999999
15.5 0.6599999999999999
15.5 0.6699999999999999
15.5 0.6799999999999999
15.5 0.69
15.5 0.7
15.5 0.71
15.5 0.72
15.5 0.73
15.5 0.74
15.5 0.75
15.5 0.76
15.5 0.77
15.5 0.78
15.5 0.79
15.5 0.8
15.5 0.81
15.5 0.8200000000000001
15.5 0.8300000000000001
15.5 0.8400000000000001
15.5 0.8500000000000001
15.5 0.8600000000000001
15.5 0.8700000000000001
15.5 0.8799999999999999
15.5 0.8899999999999999
15.5 0.8999999999999999
15.5 0.9099999999999999
15.5 0.9199999999999999
15.5 0.9299999999999999
15.5 0.94
15.5 0.95
15.5 0.96
15.5 0.97
15.5 0.98
15.5 0.99
15.5 1.0
End
17.5 0.0
17.5 0.010000000000000009
17.5 0.020000000000000018
17.5 0.030000000000000027
17.5 0.040000000000000036
17.5 0.050000000000000044
17.5 0.06000000000000005
17.5 0.06999999999999995
17.5 0.07999999999999996
17.5 0.08999999999999997
17.5 0.09999999999999998
17.5 0.10999999999999999
17.5 0.12
17.5 0.13
17.5 0.14
17.5 0.15000000000000002
17.5 0.16000000000000003
17.5 0.17000000000000004
17.5 0.18000000000000005
17.5 0.18999999999999995
17.5 0.19999999999999996
17.5 0.20999999999999996
17.5 0.21999999999999997
17.5 0.22999999999999998
17.5 0.24
17.5 0.25
17.5 0.26
17.5 0.27
17.5 0.28
17.5 0.29000000000000004
17.5 0.30000000000000004
17.5 0.31000000000000005
17.5 0.31999999999999995
17.5 0.32999999999999996
17.5 0.33999999999999997
17.5 0.35
17.5 0.36
17.5 0.37
17.5 0.38
17.5 0.39
17.5 0.4
17.5 0.41000000000000003
17.5 0.42000000000000004
17.5 0.43000000000000005
17.5 0.43999999999999995
17.5 0.44999999999999996
17.5 0.45999999999999996
17.5 0.47
17.5 0.48
17.5 0.49
17.5 0.5
17.5 0.51
17.5 0.52
17.5 0.53
17.5 0.54
17.5 0.55
17.5 0.56
17.5 0.5700000000000001
17.5 0.5800000000000001
17.5 0.5900000000000001
17.5 0.6000000000000001
17.5 0.6100000000000001
17.5 0.6200000000000001
17.5 0.6299999999999999
17.5 0.6399999999999999
17.5 0.6499999999999999
17.5 0.6599999999999999
17.5 0.6699999999999999
17.5 0.6799999999999999
17.5 0.69
17.5 0.7
17.5 0.71
17.5 0.72
17.5 0.73
17.5 0.74
17.5 0.75
17.5 0.76
17.5 0.77
17.5 0.78
17.5 0.79
17.5 0.8
17.5 0.81
17.5 0.8200000000000001
17.5 0.8300000000000001
17.5 0.8400000000000001
17.5 0.8500000000000001
17.5 0.8600000000000001
17.5 0.8700000000000001
17.5 0.8799999999999999
17.5 0.8899999999999999
17.5 0.8999999999999999
17.5 0.9099999999999999
17.5 0.9199999999999999
17.5 0.9299999999999999
17.5 0.94
17.5 0.95
17.5 0.96
17.5 0.97
17.5 0.98
17.5 0.99
17.5 1.0
End
19.5 0.0
19.5 0.010000000000000009
19.5 0.020000000000000018
19.5 0.030000000000000027
19.5 0.040000000000000036
19.5 0.050000000000000044
19.5 0.06000000000000005
19.5 0.06999999999999995
19.5 0.07999999999999996
19.5 0.08999999999999997
19.5 0.09999999999999998
19.5 0.10999999999999999
19.5 0.12
19.5 0.13
19.5 0.14
19.5 0.15000000000000002
19.5 0.16000000000000003
19.5 0.17000000000000004
19.5 0.18000000000000005
19.5 0.18999999999999995
19.5 0.19999999999999996
19.5 0.20999999999999996
19.5 0.21999999999999997
19.5 0.22999999999999998
19.5 0.24
19.5 0.25
19.5 0.26
19.5 0.27
19.5 0.28
19.5 0.29000000000000004
19.5 0.30000000000000004
19.5 0.31000000000000005
19.5 0.31999999999999995
19.5 0.32999999999999996
19.5 0.33999999999999997
19.5 0.35
19.5 0.36
19.5 0.37
19.5 0.38
19.5 0.39
19.5 0.4
19.5 0.41000000000000003
19.5 0.42000000000000004
19.5 0.43000000000000005
19.5 0.43999999999999995
19.5 0.44999999999999996
19.5 0.45999999999999996
19.5 0.47
19.5 0.48
19.5 0.49
19.5 0.5
19.5 0.51
19.5 0.52
19.5 0.53
19.5 0.54
19.5 0.55
19.5 0.56
19.5 0.5700000000000001
19.5 0.5800000000000001
19.5 0.5900000000000001
19.5 0.6000000000000001
19.5 0.6100000000000001
19.5 0.6200000000000001
19.5 0.6299999999999999
19.5 0.6399999999999999
19.5 0.6499999999999999
19.5 0.6599999999999999
19.5 0.6699999999999999
19.5 0.6799999999999999
19.5 0.69
19.5 0.7
19.5 0.71
19.5 0.72
19.5 0.73
19.5 0.74
19.5 0.75
19.5 0.76
19.5 0.77
19.5 0.78
19.5 0.79
19.5 0.8
19.5 0.81
19.5 0.8200000000000001
19.5 0.8300000000000001
19.5 0.8400000000000001
19.5 0.8500000000000001
19.5 0.8600000000000001
19.5 0.8700000000000001
19.5 0.8799999999999999
19.5 0.8899999999999999
19.5 0.8999999999999999
19.5 0.9099999999999999
19.5 0.9199999999999999
19.5 0.9299999999999999
19.5 0.94
19.5 0.95
19.5 0.96
19.5 0.97
19.5 0.98
19.5 0.99
19.5 1.0
End
21.5 0.0
21.5 0.0
21.5 0.0
21.5 0.0
21.5 0.0
21.5 0.0
21.5 0.0
21.5 0.0
21.5 0.0
21.5 0.0
21.5 0.0
21.5 0.0
21.5 0.0
21.5 0.0
21.5 0.0
21.5 0.0
21.5 0.0
21.5 0.0
21.5 0.0
21.5 0.0
21.5 0.0
21.5 0.0
21.5 0.0
21.5 0.0
21.5 0.0
21.5 0.0
21.5 0.0
21.5 0.0
21.5 0.0
21.5 0.0
21.5 0.0
21.5 0.0
21.5 0.0
21.5 0.0
21.5 0.0
21.5 0.0
21.5 0.0
21.5 0.0
21.5 0.0
21.5 0.0
21.5 0.0
21.5 0.0
21.5 0.0
21.5 0.0
21.5 0.0
21.5 0.0
21.5 0.0
21.5 0.0
21.5 0.0
21.5 0.0
21.5 0.0
21.5 0.0
21.5 0.0
21.5 0.0
21.5 0.0
21.5 0.0
21.5 0.0
21.5 0.0
21.5 0.0
21.5 0.0
21.5 0.0
21.5 0.0
21.5 0.0
21.5 0.0
21.5 0.0
21.5 0.0
21.5 0.0
21.5 0.0
21.5 0.0
21.5 0.0
21.5 0.0
21.5 0.0
21.5 0.0
21.5 0.0
21.5 0.0
21.5 0.0
21.5 0.0
21.5 0.0
21.5 0.0
21.5 0.0
21.5 0.0
21.5 0.0
21.5 0.0
21.5 0.0
21.5 0.0
21.5 0.0
21.5 0.0
21.5 0.0
21.5 0.0
21.5 0.0
21.5 0.0
21.5 0.0
21.5 0.0
21.5 0.0
21.5 0.0
21.5 0.0
21.5 0.0
21.5 0.0
21.5 0.0
21.5 0.0
21.5 0.0
End
23.5 0.09999999999999998
23.5 0.09999999999999998
23.5 0.09999999999999998
23.5 0.09999999999999998
23.5 0.09999999999999998
23.5 0.09999999999999998
23.5 0.09999999999999998
23.5 0.09999999999999998
23.5 0.09999999999999998
23.5 0.09999999999999998
23.5 0.09999999999999998
23.5 0.09999999999999998
23.5 0.09999999999999998
23.5 0.09999999999999998
23.5 0.09999999999999998
23.5 0.09999999999999998
23.5 0.09999999999999998
23.5 0.09999999999999998
23.5 0.09999999999999998
23.5 0.09999999999999998
23.5 0.09999999999999998
23.5 0.09999999999999998
23.5 0.09999999999999998
23.5 0.09999999999999998
23.5 0.09999999999999998
23.5 0.09999999999999998
23.5 0.09999999999999998
23.5 0.09999999999999998
23.5 0.09999999999999998
23.5 0.09999999999999998
23.5 0.09999999999999998
23.5 0.09999999999999998
23.5 0.09999999999999998
23.5 0.09999999999999998
23.5 0.09999999999999998
23.5 0.09999999999999998
23.5 0.09999999999999998
23.5 0.09999999999999998
23.5 0.09999999999999998
23.5 0.09999999999999998
23.5 0.09999999999999998
23.5 0.09999999999999998
23.5 0.09999999999999998
23.5 0.09999999999999998
23.5 0.09999999999999998
23.5 0.09999999999999998
23.5 0.09999999999999998
23.5 0.09999999999999998
23.5 0.09999999999999998
23.5 0.09999999999999998
23.5 0.09999999999999998
23.5 0.09999999999999998
23.5 0.09999999999999998
23.5 0.09999999999999998
23.5 0.09999999999999998
23.5 0.09999999999999998
23.5 0.09999999999999998
23.5 0.09999999999999998
23.5 0.09999999999999998
23.5 0.09999999999999998
23.5 0.09999999999999998
23.5 0.09999999999999998
23.5 0.09999999999999998
23.5 0.09999999999999998
23.5 0.09999999999999998
23.5 0.09999999999999998
23.5 0.09999999999999998
23.5 0.09999999999999998
23.5 0.09999999999999998
23.5 0.09999999999999998
23.5 0.09999999999999998
23.5 0.09999999999999998
23.5 0.09999999999999998
23.5 0.09999999999999998
23.5 0.09999999999999998
23.5 0.09999999999999998
23.5 0.09999999999999998
23.5 0.09999999999999998
23.5 0.09999999999999998
23.5 0.09999999999999998
23.5 0.09999999999999998
23.5 0.09999999999999998
23.5 0.09999999999999998
23.5 0.09999999999999998
23.5 0.09999999999999998
23.5 0.09999999999999998
23.5 0.09999999999999998
23.5 0.09999999999999998
23.5 0.09999999999999998
23.5 0.09999999999999998
23.5 0.09999999999999998
23.5 0.09999999999999998
23.5 0.09999999999999998
23.5 0.09999999999999998
23.5 0.09999999999999998
23.5 0.09999999999999998
23.5 0.09999999999999998
23.5 0.09999999999999998
23.5 0.09999999999999998
23.5 0.09999999999999998
23.5 0.09999999999999998
End
25.5 0.19999999999999996
25.5 0.19999999999999996
25.5 0.19999999999999996
25.5 0.19999999999999996
25.5 0.19999999999999996
25.5 0.19999999999999996
25.5 0.19999999999999996
25.5 0.19999999999999996
25.5 0.19999999999999996
25.5 0.19999999999999996
25.5 0.19999999999999996
25.5 0.19999999999999996
25.5 0.19999999999999996
25.5 0.19999999999999996
25.5 0.19999999999999996
25.5 0.19999999999999996
25.5 0.19999999999999996
25.5 0.19999999999999996
25.5 0.19999999999999996
25.5 0.19999999999999996
25.5 0.19999999999999996
25.5 0.19999999999999996
25.5 0.19999999999999996
25.5 0.19999999999999996
25.5 0.19999999999999996
25.5 0.19999999999999996
25.5 0.19999999999999996
25.5 0.19999999999999996
25.5 0.19999999999999996
25.5 0.19999999999999996
25.5 0.19999999999999996
25.5 0.19999999999999996
25.5 0.19999999999999996
25.5 0.19999999999999996
25.5 0.19999999999999996
25.5 0.19999999999999996
25.5 0.19999999999999996
25.5 0.19999999999999996
25.5 0.19999999999999996
25.5 0.19999999999999996
25.5 0.19999999999999996
25.5 0.19999999999999996
25.5 0.19999999999999996
25.5 0.19999999999999996
25.5 0.19999999999999996
25.5 0.19999999999999996
25.5 0.19999999999999996
25.5 0.19999999999999996
25.5 0.19999999999999996
25.5 0.19999999999999996
25.5 0.19999999999999996
25.5 0.19999999999999996
25.5 0.19999999999999996
25.5 0.19999999999999996
25.5 0.19999999999999996
25.5 0.19999999999999996
25.5 0.19999999999999996
25.5 0.19999999999999996
25.5 0.19999999999999996
25.5 0.19999999999999996
25.5 0.19999999999999996
25.5 0.19999999999999996
25.5 0.19999999999999996
25.5 0.19999999999999996
25.5 0.19999999999999996
25.5 0.19999999999999996
25.5 0.19999999999999996
25.5 0.19999999999999996
25.5 0.19999999999999996
25.5 0.19999999999999996
25.5 0.19999999999999996
25.5 0.19999999999999996
25.5 0.19999999999999996
25.5 0.19999999999999996
25.5 0.19999999999999996
25.5 0.19999999999999996
25.5 0.19999999999999996
25.5 0.19999999999999996
25.5 0.19999999999999996
25.5 0.19999999999999996
25.5 0.19999999999999996
25.5 0.19999999999999996
25.5 0.19999999999999996
25.5 0.19999999999999996
25.5 0.19999999999999996
25.5 0.19999999999999996
25.5 0.19999999999999996
25.5 0.19999999999999996
25.5 0.19999999999999996
25.5 0.19999999999999996
25.5 0.19999999999999996
25.5 0.19999999999999996
25.5 0.19999999999999996
25.5 0.19999999999999996
25.5 0.19999999999999996
25.5 0.19999999999999996
25.5 0.19999999999999996
25.5 0.19999999999999996
25.5 0.19999999999999996
25.5 0.19999999999999996
25.5 0.19999999999999996
End
27.5 0.30000000000000004
27.5 0.30000000000000004
27.5 0.30000000000000004
27.5 0.30000000000000004
27.5 0.30000000000000004
27.5 0.30000000000000004
27.5 0.30000000000000004
27.5 0.30000000000000004
27.5 0.30000000000000004
27.5 0.30000000000000004
27.5 0.30000000000000004
27.5 0.30000000000000004
27.5 0.30000000000000004
27.5 0.30000000000000004
27.5 0.30000000000000004
27.5 0.30000000000000004
27.5 0.30000000000000004
27.5 0.30000000000000004
27.5 0.30000000000000004
27.5 0.30000000000000004
27.5 0.30000000000000004
27.5 0.30000000000000004
27.5 0.30000000000000004
27.5 0.30000000000000004
27.5 0.30000000000000004
27.5 0.30000000000000004
27.5 0.30000000000000004
27.5 0.30000000000000004
27.5 0.30000000000000004
27.5 0.30000000000000004
27.5 0.30000000000000004
27.5 0.30000000000000004
27.5 0.30000000000000004
27.5 0.30000000000000004
27.5 0.30000000000000004
27.5 0.30000000000000004
27.5 0.30000000000000004
27.5 0.30000000000000004
27.5 0.30000000000000004
27.5 0.30000000000000004
27.5 0.30000000000000004
27.5 0.30000000000000004
27.5 0.30000000000000004
27.5 0.30000000000000004
27.5 0.30000000000000004
27.5 0.30000000000000004
27.5 0.30000000000000004
27.5 0.30000000000000004
27.5 0.30000000000000004
27.5 0.30000000000000004
27.5 0.30000000000000004
27.5 0.30000000000000004
27.5 0.30000000000000004
27.5 0.30000000000000004
27.5 0.30000000000000004
27.5 0.30000000000000004
27.5 0.30000000000000004
27.5 0.30000000000000004
27.5 0.30000000000000004
27.5 0.30000000000000004
27.5 0.30000000000000004
27.5 0.30000000000000004
27.5 0.30000000000000004
27.5 0.30000000000000004
27.5 0.30000000000000004
27.5 0.30000000000000004
27.5 0.30000000000000004
27.5 0.30000000000000004
27.5 0.30000000000000004
27.5 0.30000000000000004
27.5 0.30000000000000004
27.5 0.30000000000000004
27.5 0.30000000000000004
27.5 0.30000000000000004
27.5 0.30000000000000004
27.5 0.30000000000000004
27.5 0.30000000000000004
27.5 0.30000000000000004
27.5 0.30000000000000004
27.5 0.30000000000000004
27.5 0.30000000000000004
27.5 0.30000000000000004
27.5 0.30000000000000004
27.5 0.30000000000000004
27.5 0.30000000000000004
27.5 0.30000000000000004
27.5 0.30000000000000004
27.5 0.30000000000000004
27.5 0.30000000000000004
27.5 0.30000000000000004
27.5 0.30000000000000004
27.5 0.30000000000000004
27.5 0.30000000000000004
27.5 0.30000000000000004
27.5 0.30000000000000004
27.5 0.30000000000000004
27.5 0.30000000000000004
27.5 0.30000000000000004
27.5 0.30000000000000004
27.5 0.30000000000000004
27.5 0.30000000000000004
End
29.5 0.4
29.5 0.4
29.5 0.4
29.5 0.4
29.5 0.4
29.5 0.4
29.5 0.4
29.5 0.4
29.5 0.4
29.5 0.4
29.5 0.4
29.5 0.4
29.5 0.4
29.5 0.4
29.5 0.4
29.5 0.4
29.5 0.4
29.5 0.4
29.5 0.4
29.5 0.4
29.5 0.4
29.5 0.4
29.5 0.4
29.5 0.4
29.5 0.4
29.5 0.4
29.5 0.4
29.5 0.4
29.5 0.4
29.5 0.4
29.5 0.4
29.5 0.4
29.5 0.4
29.5 0.4
29.5 0.4
29.5 0.4
29.5 0.4
29.5 0.4
29.5 0.4
29.5 0.4
29.5 0.4
29.5 0.4
29.5 0.4
29.5 0.4
29.5 0.4
29.5 0.4
29.5 0.4
29.5 0.4
29.5 0.4
29.5 0.4
29.5 0.4
29.5 0.4
29.5 0.4
29.5 0.4
29.5 0.4
29.5 0.4
29.5 0.4
29.5 0.4
29.5 0.4
29.5 0.4
29.5 0.4
29.5 0.4
29.5 0.4
29.5 0.4
29.5 0.4
29.5 0.4
29.5 0.4
29.5 0.4
29.5 0.4
29.5 0.4
29.5 0.4
29.5 0.4
29.5 0.4
29.5 0.4
29.5 0.4
29.5 0.4
29.5 0.4
29.5 0.4
29.5 0.4
29.5 0.4
29.5 0.4
29.5 0.4
29.5 0.4
29.5 0.4
29.5 0.4
29.5 0.4
29.5 0.4
29.5 0.4
29.5 0.4
29.5 0.4
29.5 0.4
29.5 0.4
29.5 0.4
29.5 0.4
29.5 0.4
29.5 0.4
29.5 0.4
29.5 0.4
29.5 0.4
29.5 0.4
29.5 0.4
End
31.5 0.5
31.5 0.5
31.5 0.5
31.5 0.5
31.5 0.5
31.5 0.5
31.5 0.5
31.5 0.5
31.5 0.5
31.5 0.5
31.5 0.5
31.5 0.5
31.5 0.5
31.5 0.5
31.5 0.5
31.5 0.5
31.5 0.5
31.5 0.5
31.5 0.5
31.5 0.5
31.5 0.5
31.5 0.5
31.5 0.5
31.5 0.5
31.5 0.5
31.5 0.5
31.5 0.5
31.5 0.5
31.5 0.5
31.5 0.5
31.5 0.5
31.5 0.5
31.5 0.5
31.5 0.5
31.5 0.5
31.5 0.5
31.5 0.5
31.5 0.5
31.5 0.5
31.5 0.5
31.5 0.5
31.5 0.5
31.5 0.5
31.5 0.5
31.5 0.5
31.5 0.5
31.5 0.5
31.5 0.5
31.5 0.5
31.5 0.5
31.5 0.5
31.5 0.5
31.5 0.5
31.5 0.5
31.5 0.5
31.5 0.5
31.5 0.5
31.5 0.5
31.5 0.5
31.5 0.5
31.5 0.5
31.5 0.5
31.5 0.5
31.5 0.5
31.5 0.5
31.5 0.5
31.5 0.5
31.5 0.5
31.5 0.5
31.5 0.5
31.5 0.5
31.5 0.5
31.5 0.5
31.5 0.5
31.5 0.5
31.5 0.5
31.5 0.5
31.5 0.5
31.5 0.5
31.5 0.5
31.5 0.5
31.5 0.5
31.5 0.5
31.5 0.5
31.5 0.5
31.5 0.5
31.5 0.5
31.5 0.5
31.5 0.5
31.5 0.5
31.5 0.5
31.5 0.5
31.5 0.5
31.5 0.5
31.5 0.5
31.5 0.5
31.5 0.5
31.5 0.5
31.5 0.5
31.5 0.5
31.5 0.5
End
33.5 0.6000000000000001
33.5 0.6000000000000001
33.5 0.6000000000000001
33.5 0.6000000000000001
33.5 0.6000000000000001
33.5 0.6000000000000001
33.5 0.6000000000000001
33.5 0.6000000000000001
33.5 0.6000000000000001
33.5 0.6000000000000001
33.5 0.6000000000000001
33.5 0.6000000000000001
33.5 0.6000000000000001
33.5 0.6000000000000001
33.5 0.6000000000000001
33.5 0.6000000000000001
33.5 0.6000000000000001
33.5 0.6000000000000001
33.5 0.6000000000000001
33.5 0.6000000000000001
33.5 0.6000000000000001
33.5 0.6000000000000001
33.5 0.6000000000000001
33.5 0.6000000000000001
33.5 0.6000000000000001
33.5 0.6000000000000001
33.5 0.6000000000000001
33.5 0.6000000000000001
33.5 0.6000000000000001
33.5 0.6000000000000001
33.5 0.6000000000000001
33.5 0.6000000000000001
33.5 0.6000000000000001
33.5 0.6000000000000001
33.5 0.6000000000000001
33.5 0.6000000000000001
33.5 0.6000000000000001
33.5 0.6000000000000001
33.5 0.6000000000000001
33.5 0.6000000000000001
33.5 0.6000000000000001
33.5 0.6000000000000001
33.5 0.6000000000000001
33.5 0.6000000000000001
33.5 0.6000000000000001
33.5 0.6000000000000001
33.5 0.6000000000000001
33.5 0.6000000000000001
33.5 0.6000000000000001
33.5 0.6000000000000001
33.5 0.6000000000000001
33.5 0.6000000000000001
33.5 0.6000000000000001
33.5 0.6000000000000001
33.5 0.6000000000000001
33.5 0.6000000000000001
33.5 0.6000000000000001
33.5 0.6000000000000001
33.5 0.6000000000000001
33.5 0.6000000000000001
33.5 0.6000000000000001
33.5 0.6000000000000001
33.5 0.6000000000000001
33.5 0.6000000000000001
33.5 0.6000000000000001
33.5 0.6000000000000001
33.5 0.6000000000000001
33.5 0.6000000000000001
33.5 0.6000000000000001
33.5 0.6000000000000001
33.5 0.6000000000000001
33.5 0.6000000000000001
33.5 0.6000000000000001
33.5 0.6000000000000001
33.5 0.6000000000000001
33.5 0.6000000000000001
33.5 0.6000000000000001
33.5 0.6000000000000001
33.5 0.6000000000000001
33.5 0.6000000000000001
33.5 0.6000000000000001
33.5 0.6000000000000001
33.5 0.6000000000000001
33.5 0.6000000000000001
33.5 0.6000000000000001
33.5 0.6000000000000001
33.5 0.6000000000000001
33.5 0.6000000000000001
33.5 0.6000000000000001
33.5 0.6000000000000001
33.5 0.6000000000000001
33.5 0.6000000000000001
33.5 0.6000000000000001
33.5 0.6000000000000001
33.5 0.6000000000000001
33.5 0.6000000000000001
33.5 0.6000000000000001
33.5 0.6000000000000001
33.5 0.6000000000000001
33.5 0.6000000000000001
33.5 0.6000000000000001
End
35.5 0.7
35.5 0.7
35.5 0.7
35.5 0.7
35.5 0.7
35.5 0.7
35.5 0.7
35.5 0.7
35.5 0.7
35.5 0.7
35.5 0.7
35.5 0.7
35.5 0.7
35.5 0.7
35.5 0.7
35.5 0.7
35.5 0.7
35.5 0.7
35.5 0.7
35.5 0.7
35.5 0.7
35.5 0.7
35.5 0.7
35.5 0.7
35.5 0.7
35.5 0.7
35.5 0.7
35.5 0.7
35.5 0.7
35.5 0.7
35.5 0.7
35.5 0.7
35.5 0.7
35.5 0.7
35.5 0.7
35.5 0.7
35.5 0.7
35.5 0.7
35.5 0.7
35.5 0.7
35.5 0.7
35.5 0.7
35.5 0.7
35.5 0.7
35.5 0.7
35.5 0.7
35.5 0.7
35.5 0.7
35.5 0.7
35.5 0.7
35.5 0.7
35.5 0.7
35.5 0.7
35.5 0.7
35.5 0.7
35.5 0.7
35.5 0.7
35.5 0.7
35.5 0.7
35.5 0.7
35.5 0.7
35.5 0.7
35.5 0.7
35.5 0.7
35.5 0.7
35.5 0.7
35.5 0.7
35.5 0.7
35.5 0.7
35.5 0.7
35.5 0.7
35.5 0.7
35.5 0.7
35.5 0.7
35.5 0.7
35.5 0.7
35.5 0.7
35.5 0.7
35.5 0.7
35.5 0.7
35.5 0.7
35.5 0.7
35.5 0.7
35.5 0.7
35.5 0.7
35.5 0.7
35.5 0.7
35.5 0.7
35.5 0.7
35.5 0.7
35.5 0.7
35.5 0.7
35.5 0.7
35.5 0.7
35.5 0.7
35.5 0.7
35.5 0.7
35.5 0.7
35.5 0.7
35.5 0.7
35.5 0.7
End
37.5 0.8
37.5 0.8
37.5 0.8
37.5 0.8
37.5 0.8
37.5 0.8
37.5 0.8
37.5 0.8
37.5 0.8
37.5 0.8
37.5 0.8
37.5 0.8
37.5 0.8
37.5 0.8
37.5 0.8
37.5 0.8
37.5 0.8
37.5 0.8
37.5 0.8
37.5 0.8
37.5 0.8
37.5 0.8
37.5 0.8
37.5 0.8
37.5 0.8
37.5 0.8
37.5 0.8
37.5 0.8
37.5 0.8
37.5 0.8
37.5 0.8
37.5 0.8
37.5 0.8
37.5 0.8
37.5 0.8
37.5 0.8
37.5 0.8
37.5 0.8
37.5 0.8
37.5 0.8
37.5 0.8
37.5 0.8
37.5 0.8
37.5 0.8
37.5 0.8
37.5 0.8
37.5 0.8
37.5 0.8
37.5 0.8
37.5 0.8
37.5 0.8
37.5 0.8
37.5 0.8
37.5 0.8
37.5 0.8
37.5 0.8
37.5 0.8
37.5 0.8
37.5 0.8
37.5 0.8
37.5 0.8
37.5 0.8
37.5 0.8
37.5 0.8
37.5 0.8
37.5 0.8
37.5 0.8
37.5 0.8
37.5 0.8
37.5 0.8
37.5 0.8
37.5 0.8
37.5 0.8
37.5 0.8
37.5 0.8
37.5 0.8
37.5 0.8
37.5 0.8
37.5 0.8
37.5 0.8
37.5 0.8
37.5 0.8
37.5 0.8
37.5 0.8
37.5 0.8
37.5 0.8
37.5 0.8
37.5 0.8
37.5 0.8
37.5 0.8
37.5 0.8
37.5 0.8
37.5 0.8
37.5 0.8
37.5 0.8
37.5 0.8
37.5 0.8
37.5 0.8
37.5 0.8
37.5 0.8
37.5 0.8
End
39.5 0.8999999999999999
39.5 0.8999999999999999
39.5 0.8999999999999999
39.5 0.8999999999999999
39.5 0.8999999999999999
39.5 0.8999999999999999
39.5 0.8999999999999999
39.5 0.8999999999999999
39.5 0.8999999999999999
39.5 0.8999999999999999
39.5 0.8999999999999999
39.5 0.8999999999999999
39.5 0.8999999999999999
39.5 0.8999999999999999
39.5 0.8999999999999999
39.5 0.8999999999999999
39.5 0.8999999999999999
39.5 0.8999999999999999
39.5 0.8999999999999999
39.5 0.8999999999999999
39.5 0.8999999999999999
39.5 0.8999999999999999
39.5 0.8999999999999999
39.5 0.8999999999999999
39.5 0.8999999999999999
39.5 0.8999999999999999
39.5 0.8999999999999999
39.5 0.8999999999999999
39.5 0.8999999999999999
39.5 0.8999999999999999
39.5 0.8999999999999999
39.5 0.8999999999999999
39.5 0.8999999999999999
39.5 0.8999999999999999
39.5 0.8999999999999999
39.5 0.8999999999999999
39.5 0.8999999999999999
39.5 0.8999999999999999
39.5 0.8999999999999999
39.5 0.8999999999999999
39.5 0.8999999999999999
39.5 0.8999999999999999
39.5 0.8999999999999999
39.5 0.8999999999999999
39.5 0.8999999999999999
39.5 0.8999999999999999
39.5 0.8999999999999999
39.5 0.8999999999999999
39.5 0.8999999999999999
39.5 0.8999999999999999
39.5 0.8999999999999999
39.5 0.8999999999999999
39.5 0.8999999999999999
39.5 0.8999999999999999
39.5 0.8999999999999999
39.5 0.8999999999999999
39.5 0.8999999999999999
39.5 0.8999999999999999
39.5 0.8999999999999999
39.5 0.8999999999999999
39.5 0.8999999999999999
39.5 0.8999999999999999
39.5 0.8999999999999999
39.5 0.8999999999999999
39.5 0.8999999999999999
39.5 0.8999999999999999
39.5 0.8999999999999999
39.5 0.8999999999999999
39.5 0.8999999999999999
39.5 0.8999999999999999
39.5 0.8999999999999999
39.5 0.8999999999999999
39.5 0.8999999999999999
39.5 0.8999999999999999
39.5 0.8999999999999999
39.5 0.8999999999999999
39.5 0.8999999999999999
39.5 0.8999999999999999
39.5 0.8999999999999999
39.5 0.8999999999999999
39.5 0.8999999999999999
39.5 0.8999999999999999
39.5 0.8999999999999999
39.5 0.8999999999999999
39.5 0.8999999999999999
39.5 0.8999999999999999
39.5 0.8999999999999999
39.5 0.8999999999999999
39.5 0.8999999999999999
39.5 0.8999999999999999
39.5 0.8999999999999999
39.5 0.8999999999999999
39.5 0.8999999999999999
39.5 0.8999999999999999
39.5 0.8999999999999999
39.5 0.8999999999999999
39.5 0.8999999999999999
39.5 0.8999999999999999
39.5 0.8999999999999999
39.5 0.8999999999999999
39.5 0.8999999999999999
End
41.5 1.0
41.5 1.0
41.5 1.0
41.5 1.0
41.5 1.0
41.5 1.0
41.5 1.0
41.5 1.0
41.5 1.0
41.5 1.0
41.5 1.0
41.5 1.0
41.5 1.0
41.5 1.0
41.5 1.0
41.5 1.0
41.5 1.0
41.5 1.0
41.5 1.0
41.5 1.0
41.5 1.0
41.5 1.0
41.5 1.0
41.5 1.0
41.5 1.0
41.5 1.0
41.5 1.0
41.5 1.0
41.5 1.0
41.5 1.0
41.5 1.0
41.5 1.0
41.5 1.0
41.5 1.0
41.5 1.0
41.5 1.0
41.5 1.0
41.5 1.0
41.5 1.0
41.5 1.0
41.5 1.0
41.5 1.0
41.5 1.0
41.5 1.0
41.5 1.0
41.5 1.0
41.5 1.0
41.5 1.0
41.5 1.0
41.5 1.0
41.5 1.0
41.5 1.0
41.5 1.0
41.5 1.0
41.5 1.0
41.5 1.0
41.5 1.0
41.5 1.0
41.5 1.0
41.5 1.0
41.5 1.0
41.5 1.0
41.5 1.0
41.5 1.0
41.5 1.0
41.5 1.0
41.5 1.0
41.5 1.0
41.5 1.0
41.5 1.0
41.5 1.0
41.5 1.0
41.5 1.0
41.5 1.0
41.5 1.0
41.5 1.0
41.5 1.0
41.5 1.0
41.5 1.0
41.5 1.0
41.5 1.0
41.5 1.0
41.5 1.0
41.5 1.0
41.5 1.0
41.5 1.0
41.5 1.0
41.5 1.0
41.5 1.0
41.5 1.0
41.5 1.0
41.5 1.0
41.5 1.0
41.5 1.0
41.5 1.0
41.5 1.0
41.5 1.0
41.5 1.0
41.5 1.0
41.5 1.0
41.5 1.0
