4.86603 -1e-06 8.72099 0.4846 0.006 0.8747
4.86456 0.119416 8.72099 0.5056 0.0186 0.8626
4.86016 0.238762 8.72099 0.505 0.031 0.8626
4.86016 0.238762 8.72099 0.505 0.031 0.8626
4.85283 0.357964 8.72099 0.5041 0.0435 0.8626
4.84258 0.476951 8.72099 0.4816 0.0534 0.8747
5.03719 0.621278 8.59821 0.5013 0.0681 0.8626
5.02043 0.74471 8.59821 0.4995 0.0803 0.8626
5.02043 0.74471 8.59821 0.4995 0.0803 0.8626
5.00065 0.867695 8.59821 0.5203 0.0837 0.8499
4.97785 0.990155 8.59821 0.495 0.1048 0.8626
4.95205 1.11202 8.59821 0.5127 0.1218 0.8499
4.92326 1.23321 8.59821 0.5096 0.1344 0.8499
4.92326 1.23321 8.59821 0.5096 0.1344 0.8499
4.89151 1.35366 8.59821 0.5062 0.1468 0.8499
4.85681 1.4733 8.59821 0.4823 0.1528 0.8626
5.01507 1.65675 8.4703 0.4984 0.1714 0.8499
5.01507 1.65675 8.4703 0.4984 0.1714 0.8499
4.97291 1.77933 8.4703 0.494 0.1836 0.8499
4.92775 1.90084 8.4703 0.494 0.1836 0.8499
4.87962 2.0212 8.4703 0.4844 0.2076 0.8499
4.87962 2.0212 8.4703 0.4844 0.2076 0.8499
5.01422 2.22265 8.33732 0.5035 0.2158 0.8366
4.95816 2.34503 8.33732 0.498 0.2281 0.8366
4.95816 2.34503 8.33732 0.498 0.2281 0.8366
4.89911 2.466 8.33732 0.4923 0.2403 0.8366
4.83711 2.58549 8.33732 0.4862 0.2523 0.8366
5.01331 2.67967 8.19936 0.4978 0.274 0.8229
4.94604 2.8019 8.19936 0.5154 0.2837 0.8086
4.94604 2.8019 8.19936 0.5154 0.2837 0.8086
4.87579 2.92244 8.19936 0.5083 0.2962 0.8086
4.96851 3.14627 8.056499 0.5177 0.319 0.7939
4.96851 3.14627 8.056499 0.5177 0.319 0.7939
4.8898 3.26726 8.056499 0.4851 0.3328 0.8086
4.8898 3.26726 8.056499 0.4851 0.3328 0.8086
4.96579 3.4973 7.90883 0.5084 0.3675 0.7787
4.96579 3.4973 7.90883 0.5084 0.3675 0.7787
4.87846 3.61811 7.90883 0.4992 0.3799 0.7788
5.03041 3.7308 7.75645 0.5143 0.3914 0.7631
4.93733 3.85312 7.75645 0.5046 0.4038 0.7631
4.93733 3.85312 7.75645 0.5046 0.4038 0.7631
4.98459 4.09074 7.59945 0.4945 0.4161 0.7631
4.98459 4.09074 7.59945 0.4945 0.4161 0.7631
4.8827 4.21184 7.59945 0.4842 0.4281 0.7631
5.02015 4.33041 7.43792 0.498 0.4404 0.747
4.91237 4.45231 7.43792 0.4871 0.4524 0.747
4.91237 4.45231 7.43792 0.4871 0.4524 0.747
4.9302 4.69394 7.27196 0.5004 0.4648 0.7305
4.9302 4.69394 7.27196 0.5004 0.4648 0.7305
4.93616 4.93615 7.10166 0.4893 0.5015 0.7135
4.93616 4.93615 7.10166 0.4893 0.5015 0.7135
4.93616 4.93615 7.10166 0.4893 0.5015 0.7135
4.9302 5.17835 6.92712 0.5001 0.5384 0.6782
4.9302 5.17835 6.92712 0.5001 0.5384 0.6782
4.91237 5.41996 6.74845 0.4977 0.5628 0.66
4.91237 5.41996 6.74845 0.4977 0.5628 0.66
5.02015 5.53887 6.56576 0.5082 0.5748 0.6414
4.8827 5.6604 6.56576 0.494 0.5871 0.6414
4.98459 5.77852 6.379159 0.5039 0.5989 0.6224
4.98459 5.77852 6.379159 0.5039 0.5989 0.6224
4.93733 6.01614 6.188769 0.4891 0.6111 0.6224
4.93733 6.01614 6.188769 0.4891 0.6111 0.6224
5.03041 6.12956 5.994709 0.4984 0.6228 0.6031
4.87846 6.25117 5.994709 0.4831 0.6348 0.6031
4.96579 6.36307 5.79708 0.4919 0.6464 0.5833
4.96579 6.36307 5.79708 0.4919 0.6464 0.5833
4.8898 6.59314 5.596 0.5086 0.6683 0.5428
4.8898 6.59314 5.596 0.5086 0.6683 0.5428
4.96851 6.69926 5.39159 0.5165 0.6788 0.5221
5.04422 6.80134 5.183969 0.4997 0.6912 0.5221
4.87579 6.92309 5.18398 0.507 0.7013 0.5011
4.94604 7.02284 4.973279 0.514 0.7111 0.4797
5.01331 7.11835 4.75964 0.5207 0.7204 0.4582
4.83711 7.23925 4.75964 0.4784 0.7355 0.4798
4.89911 7.332029 4.54318 0.4847 0.7451 0.4582
4.95816 7.4204 4.324039 0.4907 0.7542 0.4364
5.01422 7.50431 4.10234 0.4963 0.7629 0.4143
4.82855 7.6251 4.10234 0.4774 0.7749 0.4143
4.87962 7.70576 3.87821 0.5017 0.7712 0.3919
4.92775 7.78176 3.65178 0.4921 0.7987 0.3464
4.97291 7.853069 3.423199 0.4964 0.8057 0.3234
5.01507 7.91965 3.1926 0.5003 0.8121 0.3002
4.89151 8.160979 2.725919 0.4871 0.8358 0.2534
4.92326 8.213959 2.49011 0.49 0.8409 0.2297
4.95205 8.261989 2.25286 0.49 0.8409 0.2297
5.00065 8.343069 1.77455 0.4972 0.8532 0.1578
4.84258 8.548339 1.0498 0.4804 0.8729 0.0853
4.86603 8.589739 0.0759 0.5035 0.8639 0.0122
4.86603 8.589739 0.0759 0.5035 0.8639 0.0122
4.86603 8.589739 0.0759 0.5035 0.8639 0.0122
4.86603 8.589739 0.0759 0.5035 0.8639 0.0122
4.65376 8.706569 0.0759 0.4821 0.876 0.0122
4.65376 8.706569 0.0759 0.4821 0.876 0.0122
4.65376 8.706569 0.0759 0.4821 0.876 0.0122
4.65376 8.706569 0.0759 0.4821 0.876 0.0122
4.65376 8.706569 0.0759 0.4821 0.876 0.0122
4.65376 8.706569 0.0759 0.4821 0.876 0.0122
4.43869 8.818159 0.0759 0.4605 0.8876 0.0122
4.43869 8.818159 0.0759 0.4605 0.8876 0.0122
4.43869 8.818159 0.0759 0.4605 0.8876 0.0122
4.43869 8.818159 0.0759 0.4605 0.8876 0.0122
End
-9.8723 3e-06 0.0759 -0.9998 -0.0123 0.0122
-9.8723 3e-06 0.0759 -0.9998 -0.0123 0.0122
-9.86932 0.242278 0.0759 -0.9998 0.0123 0.0122
-9.86932 0.242278 0.0759 -0.9998 0.0123 0.0122
-9.86932 0.242278 0.0759 -0.9998 0.0123 0.0122
-9.86932 0.242278 0.0759 -0.9998 0.0123 0.0122
-9.86039 0.484409 0.0759 -0.998 0.0614 0.0122
-9.86039 0.484409 0.0759 -0.998 0.0614 0.0122
-9.86039 0.484409 0.0759 -0.998 0.0614 0.0122
-9.86039 0.484409 0.0759 -0.998 0.0614 0.0122
-9.84552 0.72625 0.0759 -0.9962 0.0858 0.0122
-9.84552 0.72625 0.0759 -0.9962 0.0858 0.0122
-9.84552 0.72625 0.0759 -0.9962 0.0858 0.0122
-9.82473 0.967654 0.0759 -0.9938 0.1102 0.0122
-9.82473 0.967654 0.0759 -0.9938 0.1102 0.0122
-9.82473 0.967654 0.0759 -0.9938 0.1102 0.0122
-9.82473 0.967654 0.0759 -0.9938 0.1102 0.0122
-9.79803 1.20847 0.0759 -0.9908 0.1345 0.0122
-9.79803 1.20847 0.0759 -0.9908 0.1345 0.0122
-9.79803 1.20847 0.0759 -0.9908 0.1345 0.0122
-9.79803 1.20847 0.0759 -0.9908 0.1345 0.0122
-9.76543 1.44857 0.0759 -0.9872 0.1588 0.0122
-9.76543 1.44857 0.0759 -0.9872 0.1588 0.0122
-9.76543 1.44857 0.0759 -0.9872 0.1588 0.0122
-9.76543 1.44857 0.0759 -0.9872 0.1588 0.0122
-9.72695 1.68779 0.0759 -0.983 0.183 0.0122
-9.72695 1.68779 0.0759 -0.983 0.183 0.0122
-9.72695 1.68779 0.0759 -0.983 0.183 0.0122
-9.68261 1.92599 0.0759 -0.9782 0.2072 0.0122
-9.68261 1.92599 0.0759 -0.9782 0.2072 0.0122
-9.68261 1.92599 0.0759 -0.9782 0.2072 0.0122
-9.68261 1.92599 0.0759 -0.9782 0.2072 0.0122
-9.63242 2.163029 0.0759 -0.9729 0.2311 0.0122
-9.63242 2.163029 0.0759 -0.9729 0.2311 0.0122
-9.63242 2.163029 0.0759 -0.9729 0.2311 0.0122
-9.63242 2.163029 0.0759 -0.9729 0.2311 0.0122
-9.57642 2.39877 0.0759 -0.9669 0.2549 0.0122
-9.57642 2.39877 0.0759 -0.9669 0.2549 0.0122
-9.57642 2.39877 0.0759 -0.9669 0.2549 0.0122
-9.57642 2.39877 0.0759 -0.9669 0.2549 0.0122
-9.51466 2.63306 0.0759 -0.9604 0.2785 0.0122
-9.51466 2.63306 0.0759 -0.9604 0.2785 0.0122
-9.51466 2.63306 0.0759 -0.9604 0.2785 0.0122
-9.51466 2.63306 0.0759 -0.9604 0.2785 0.0122
-9.44717 2.86577 0.0759 -0.9532 0.302 0.0122
-9.44717 2.86577 0.0759 -0.9532 0.302 0.0122
-9.44717 2.86577 0.0759 -0.9532 0.302 0.0122
-9.44717 2.86577 0.0759 -0.9532 0.302 0.0122
-9.374 3.09676 0.0759 -0.9455 0.3253 0.0122
-9.374 3.09676 0.0759 -0.9455 0.3253 0.0122
-9.374 3.09676 0.0759 -0.9455 0.3253 0.0122
-9.374 3.09676 0.0759 -0.9455 0.3253 0.0122
-9.29519 3.32588 0.0759 -0.9373 0.3483 0.0122
-9.29519 3.32588 0.0759 -0.9373 0.3483 0.0122
-9.29519 3.32588 0.0759 -0.9373 0.3483 0.0122
-9.29519 3.32588 0.0759 -0.9373 0.3483 0.0122
-9.21078 3.552989 0.0759 -0.9285 0.3712 0.0122
-9.21078 3.552989 0.0759 -0.9285 0.3712 0.0122
-9.21078 3.552989 0.0759 -0.9285 0.3712 0.0122
-9.21078 3.552989 0.0759 -0.9285 0.3712 0.0122
-9.12082 3.77797 0.0759 -0.919 0.394 0.0122
-9.12082 3.77797 0.0759 -0.919 0.394 0.0122
-9.12082 3.77797 0.0759 -0.919 0.394 0.0122
-9.12082 3.77797 0.0759 -0.919 0.394 0.0122
-9.12082 3.77797 0.0759 -0.919 0.394 0.0122
-9.02535 4.000659 0.0759 -0.919 0.394 0.0122
-9.02535 4.000659 0.0759 -0.919 0.394 0.0122
-9.02535 4.000659 0.0759 -0.919 0.394 0.0122
-9.02535 4.000659 0.0759 -0.919 0.394 0.0122
-8.92444 4.22094 0.0759 -0.8986 0.4386 0.0122
-8.92444 4.22094 0.0759 -0.8986 0.4386 0.0122
-8.92444 4.22094 0.0759 -0.8986 0.4386 0.0122
-8.92444 4.22094 0.0759 -0.8986 0.4386 0.0122
-8.92444 4.22094 0.0759 -0.8986 0.4386 0.0122
-8.81815 4.43869 0.0759 -0.8876 0.4605 0.0122
-8.81815 4.43869 0.0759 -0.8876 0.4605 0.0122
-8.81815 4.43869 0.0759 -0.8876 0.4605 0.0122
-8.81815 4.43869 0.0759 -0.8876 0.4605 0.0122
-8.70656 4.653759 0.0759 -0.876 0.4821 0.0122
-8.70656 4.653759 0.0759 -0.876 0.4821 0.0122
-8.70656 4.653759 0.0759 -0.876 0.4821 0.0122
-8.70656 4.653759 0.0759 -0.876 0.4821 0.0122
-8.70656 4.653759 0.0759 -0.876 0.4821 0.0122
-8.58973 4.86603 0.0759 -0.8639 0.5035 0.0122
-8.58973 4.86603 0.0759 -0.8639 0.5035 0.0122
-8.58973 4.86603 0.0759 -0.8639 0.5035 0.0122
-8.58973 4.86603 0.0759 -0.8639 0.5035 0.0122
-8.58973 4.86603 0.0759 -0.8639 0.5035 0.0122
-8.46774 5.075379 0.0759 -0.8513 0.5245 0.0122
-8.46774 5.075379 0.0759 -0.8513 0.5245 0.0122
-8.46774 5.075379 0.0759 -0.8513 0.5245 0.0122
-8.46774 5.075379 0.0759 -0.8513 0.5245 0.0122
-8.46774 5.075379 0.0759 -0.8513 0.5245 0.0122
-8.34064 5.28166 0.0759 -0.8382 0.5453 0.0122
-8.34064 5.28166 0.0759 -0.8382 0.5453 0.0122
-8.34064 5.28166 0.0759 -0.8382 0.5453 0.0122
-8.34064 5.28166 0.0759 -0.8382 0.5453 0.0122
-8.34064 5.28166 0.0759 -0.8382 0.5453 0.0122
-8.20852 5.484759 0.0759 -0.8382 0.5453 0.0122
-8.20852 5.484759 0.0759 -0.8382 0.5453 0.0122
-8.20852 5.484759 0.0759 -0.8382 0.5453 0.0122
End
-9.8723 3e-06 0.0759 -0.9998 -0.0123 0.0122
-9.8723 3e-06 0.0759 -0.9998 -0.0123 0.0122
-9.8723 3e-06 0.0759 -0.9998 -0.0123 0.0122
-9.8723 3e-06 0.0759 -0.9998 -0.0123 0.0122
-9.8723 3e-06 0.0759 -0.9998 -0.0123 0.0122
-9.86932 0.242278 0.0759 -0.9998 0.0123 0.0122
-9.86932 0.242278 0.0759 -0.9998 0.0123 0.0122
-9.86932 0.242278 0.0759 -0.9998 0.0123 0.0122
-9.86932 0.242278 0.0759 -0.9998 0.0123 0.0122
-9.86932 0.242278 0.0759 -0.9998 0.0123 0.0122
-9.86932 0.242278 0.0759 -0.9998 0.0123 0.0122
-9.86932 0.242278 0.0759 -0.9998 0.0123 0.0122
-9.86932 0.242278 0.0759 -0.9998 0.0123 0.0122
-9.86039 0.484409 0.0759 -0.998 0.0614 0.0122
-9.86039 0.484409 0.0759 -0.998 0.0614 0.0122
-9.86039 0.484409 0.0759 -0.998 0.0614 0.0122
-9.86039 0.484409 0.0759 -0.998 0.0614 0.0122
-9.86039 0.484409 0.0759 -0.998 0.0614 0.0122
-9.86039 0.484409 0.0759 -0.998 0.0614 0.0122
-9.86039 0.484409 0.0759 -0.998 0.0614 0.0122
-9.86039 0.484409 0.0759 -0.998 0.0614 0.0122
-9.86039 0.484409 0.0759 -0.998 0.0614 0.0122
-9.84552 0.72625 0.0759 -0.9962 0.0858 0.0122
-9.84552 0.72625 0.0759 -0.9962 0.0858 0.0122
-9.84552 0.72625 0.0759 -0.9962 0.0858 0.0122
-9.84552 0.72625 0.0759 -0.9962 0.0858 0.0122
-9.84552 0.72625 0.0759 -0.9962 0.0858 0.0122
-9.84552 0.72625 0.0759 -0.9962 0.0858 0.0122
-9.84552 0.72625 0.0759 -0.9962 0.0858 0.0122
-9.84552 0.72625 0.0759 -0.9962 0.0858 0.0122
-9.84552 0.72625 0.0759 -0.9962 0.0858 0.0122
-9.82473 0.967654 0.0759 -0.9938 0.1102 0.0122
-9.82473 0.967654 0.0759 -0.9938 0.1102 0.0122
-9.82473 0.967654 0.0759 -0.9938 0.1102 0.0122
-9.82473 0.967654 0.0759 -0.9938 0.1102 0.0122
-9.82473 0.967654 0.0759 -0.9938 0.1102 0.0122
-9.82473 0.967654 0.0759 -0.9938 0.1102 0.0122
-9.82473 0.967654 0.0759 -0.9938 0.1102 0.0122
-9.82473 0.967654 0.0759 -0.9938 0.1102 0.0122
-9.79803 1.20847 0.0759 -0.9908 0.1345 0.0122
-9.79803 1.20847 0.0759 -0.9908 0.1345 0.0122
-9.79803 1.20847 0.0759 -0.9908 0.1345 0.0122
-9.79803 1.20847 0.0759 -0.9908 0.1345 0.0122
-9.79803 1.20847 0.0759 -0.9908 0.1345 0.0122
-9.79803 1.20847 0.0759 -0.9908 0.1345 0.0122
-9.79803 1.20847 0.0759 -0.9908 0.1345 0.0122
-9.79803 1.20847 0.0759 -0.9908 0.1345 0.0122
-9.79803 1.20847 0.0759 -0.9908 0.1345 0.0122
-9.76543 1.44857 0.0759 -0.9872 0.1588 0.0122
-9.76543 1.44857 0.0759 -0.9872 0.1588 0.0122
-9.76543 1.44857 0.0759 -0.9872 0.1588 0.0122
-9.76543 1.44857 0.0759 -0.9872 0.1588 0.0122
-9.76543 1.44857 0.0759 -0.9872 0.1588 0.0122
-9.76543 1.44857 0.0759 -0.9872 0.1588 0.0122
-9.76543 1.44857 0.0759 -0.9872 0.1588 0.0122
-9.76543 1.44857 0.0759 -0.9872 0.1588 0.0122
-9.76543 1.44857 0.0759 -0.9872 0.1588 0.0122
-9.72695 1.68779 0.0759 -0.983 0.183 0.0122
-9.72695 1.68779 0.0759 -0.983 0.183 0.0122
-9.72695 1.68779 0.0759 -0.983 0.183 0.0122
-9.72695 1.68779 0.0759 -0.983 0.183 0.0122
-9.72695 1.68779 0.0759 -0.983 0.183 0.0122
-9.72695 1.68779 0.0759 -0.983 0.183 0.0122
-9.72695 1.68779 0.0759 -0.983 0.183 0.0122
-9.72695 1.68779 0.0759 -0.983 0.183 0.0122
-9.72695 1.68779 0.0759 -0.983 0.183 0.0122
-9.68261 1.92599 0.0759 -0.9782 0.2072 0.0122
-9.68261 1.92599 0.0759 -0.9782 0.2072 0.0122
-9.68261 1.92599 0.0759 -0.9782 0.2072 0.0122
-9.68261 1.92599 0.0759 -0.9782 0.2072 0.0122
-9.68261 1.92599 0.0759 -0.9782 0.2072 0.0122
-9.68261 1.92599 0.0759 -0.9782 0.2072 0.0122
-9.68261 1.92599 0.0759 -0.9782 0.2072 0.0122
-9.68261 1.92599 0.0759 -0.9782 0.2072 0.0122
-9.68261 1.92599 0.0759 -0.9782 0.2072 0.0122
-9.63242 2.163029 0.0759 -0.9729 0.2311 0.0122
-9.63242 2.163029 0.0759 -0.9729 0.2311 0.0122
-9.63242 2.163029 0.0759 -0.9729 0.2311 0.0122
-9.63242 2.163029 0.0759 -0.9729 0.2311 0.0122
-9.63242 2.163029 0.0759 -0.9729 0.2311 0.0122
-9.63242 2.163029 0.0759 -0.9729 0.2311 0.0122
-9.63242 2.163029 0.0759 -0.9729 0.2311 0.0122
-9.63242 2.163029 0.0759 -0.9729 0.2311 0.0122
-9.63242 2.163029 0.0759 -0.9729 0.2311 0.0122
-9.57642 2.39877 0.0759 -0.9669 0.2549 0.0122
-9.57642 2.39877 0.0759 -0.9669 0.2549 0.0122
-9.57642 2.39877 0.0759 -0.9669 0.2549 0.0122
-9.57642 2.39877 0.0759 -0.9669 0.2549 0.0122
-9.57642 2.39877 0.0759 -0.9669 0.2549 0.0122
-9.57642 2.39877 0.0759 -0.9669 0.2549 0.0122
-9.57642 2.39877 0.0759 -0.9669 0.2549 0.0122
-9.57642 2.39877 0.0759 -0.9669 0.2549 0.0122
-9.57642 2.39877 0.0759 -0.9669 0.2549 0.0122
-9.51466 2.63306 0.0759 -0.9604 0.2785 0.0122
-9.51466 2.63306 0.0759 -0.9604 0.2785 0.0122
-9.51466 2.63306 0.0759 -0.9604 0.2785 0.0122
-9.51466 2.63306 0.0759 -0.9604 0.2785 0.0122
-9.51466 2.63306 0.0759 -0.9604 0.2785 0.0122
-9.51466 2.63306 0.0759 -0.9604 0.2785 0.0122
-9.51466 2.63306 0.0759 -0.9604 0.2785 0.0122
-9.51466 2.63306 0.0759 -0.9604 0.2785 0.0122
End
-9.8723 3e-06 0.0759 -0.9998 -0.0123 0.0122
-9.8723 3e-06 0.0759 -0.9998 -0.0123 0.0122
-9.8723 3e-06 0.0759 -0.9998 -0.0123 0.0122
-9.8723 3e-06 0.0759 -0.9998 -0.0123 0.0122
-9.8723 3e-06 0.0759 -0.9998 -0.0123 0.0122
-9.8723 3e-06 0.0759 -0.9998 -0.0123 0.0122
-9.8723 3e-06 0.0759 -0.9998 -0.0123 0.0122
-9.86932 0.242278 0.0759 -0.9998 0.0123 0.0122
-9.86932 0.242278 0.0759 -0.9998 0.0123 0.0122
-9.86932 0.242278 0.0759 -0.9998 0.0123 0.0122
-9.86932 0.242278 0.0759 -0.9998 0.0123 0.0122
-9.86932 0.242278 0.0759 -0.9998 0.0123 0.0122
-9.86932 0.242278 0.0759 -0.9998 0.0123 0.0122
-9.86932 0.242278 0.0759 -0.9998 0.0123 0.0122
-9.86932 0.242278 0.0759 -0.9998 0.0123 0.0122
-9.86932 0.242278 0.0759 -0.9998 0.0123 0.0122
-9.86932 0.242278 0.0759 -0.9998 0.0123 0.0122
-9.86932 0.242278 0.0759 -0.9998 0.0123 0.0122
-9.86932 0.242278 0.0759 -0.9998 0.0123 0.0122
-9.86932 0.242278 0.0759 -0.9998 0.0123 0.0122
-9.86932 0.242278 0.0759 -0.9998 0.0123 0.0122
-9.86039 0.484409 0.0759 -0.998 0.0614 0.0122
-9.86039 0.484409 0.0759 -0.998 0.0614 0.0122
-9.86039 0.484409 0.0759 -0.998 0.0614 0.0122
-9.86039 0.484409 0.0759 -0.998 0.0614 0.0122
-9.86039 0.484409 0.0759 -0.998 0.0614 0.0122
-9.86039 0.484409 0.0759 -0.998 0.0614 0.0122
-9.86039 0.484409 0.0759 -0.998 0.0614 0.0122
-9.86039 0.484409 0.0759 -0.998 0.0614 0.0122
-9.86039 0.484409 0.0759 -0.998 0.0614 0.0122
-9.86039 0.484409 0.0759 -0.998 0.0614 0.0122
-9.86039 0.484409 0.0759 -0.998 0.0614 0.0122
-9.86039 0.484409 0.0759 -0.998 0.0614 0.0122
-9.86039 0.484409 0.0759 -0.998 0.0614 0.0122
-9.84552 0.72625 0.0759 -0.9962 0.0858 0.0122
-9.84552 0.72625 0.0759 -0.9962 0.0858 0.0122
-9.84552 0.72625 0.0759 -0.9962 0.0858 0.0122
-9.84552 0.72625 0.0759 -0.9962 0.0858 0.0122
-9.84552 0.72625 0.0759 -0.9962 0.0858 0.0122
-9.84552 0.72625 0.0759 -0.9962 0.0858 0.0122
-9.84552 0.72625 0.0759 -0.9962 0.0858 0.0122
-9.84552 0.72625 0.0759 -0.9962 0.0858 0.0122
-9.84552 0.72625 0.0759 -0.9962 0.0858 0.0122
-9.84552 0.72625 0.0759 -0.9962 0.0858 0.0122
-9.84552 0.72625 0.0759 -0.9962 0.0858 0.0122
-9.84552 0.72625 0.0759 -0.9962 0.0858 0.0122
-9.84552 0.72625 0.0759 -0.9962 0.0858 0.0122
-9.84552 0.72625 0.0759 -0.9962 0.0858 0.0122
-9.82473 0.967654 0.0759 -0.9938 0.1102 0.0122
-9.82473 0.967654 0.0759 -0.9938 0.1102 0.0122
-9.82473 0.967654 0.0759 -0.9938 0.1102 0.0122
-9.82473 0.967654 0.0759 -0.9938 0.1102 0.0122
-9.82473 0.967654 0.0759 -0.9938 0.1102 0.0122
-9.82473 0.967654 0.0759 -0.9938 0.1102 0.0122
-9.82473 0.967654 0.0759 -0.9938 0.1102 0.0122
-9.82473 0.967654 0.0759 -0.9938 0.1102 0.0122
-9.82473 0.967654 0.0759 -0.9938 0.1102 0.0122
-9.82473 0.967654 0.0759 -0.9938 0.1102 0.0122
-9.82473 0.967654 0.0759 -0.9938 0.1102 0.0122
-9.82473 0.967654 0.0759 -0.9938 0.1102 0.0122
-9.82473 0.967654 0.0759 -0.9938 0.1102 0.0122
-9.79803 1.20847 0.0759 -0.9908 0.1345 0.0122
-9.79803 1.20847 0.0759 -0.9908 0.1345 0.0122
-9.79803 1.20847 0.0759 -0.9908 0.1345 0.0122
-9.79803 1.20847 0.0759 -0.9908 0.1345 0.0122
-9.79803 1.20847 0.0759 -0.9908 0.1345 0.0122
-9.79803 1.20847 0.0759 -0.9908 0.1345 0.0122
-9.79803 1.20847 0.0759 -0.9908 0.1345 0.0122
-9.79803 1.20847 0.0759 -0.9908 0.1345 0.0122
-9.79803 1.20847 0.0759 -0.9908 0.1345 0.0122
-9.79803 1.20847 0.0759 -0.9908 0.1345 0.0122
-9.79803 1.20847 0.0759 -0.9908 0.1345 0.0122
-9.79803 1.20847 0.0759 -0.9908 0.1345 0.0122
-9.79803 1.20847 0.0759 -0.9908 0.1345 0.0122
-9.79803 1.20847 0.0759 -0.9908 0.1345 0.0122
-9.76543 1.44857 0.0759 -0.9872 0.1588 0.0122
-9.76543 1.44857 0.0759 -0.9872 0.1588 0.0122
-9.76543 1.44857 0.0759 -0.9872 0.1588 0.0122
-9.76543 1.44857 0.0759 -0.9872 0.1588 0.0122
-9.76543 1.44857 0.0759 -0.9872 0.1588 0.0122
-9.76543 1.44857 0.0759 -0.9872 0.1588 0.0122
-9.76543 1.44857 0.0759 -0.9872 0.1588 0.0122
-9.76543 1.44857 0.0759 -0.9872 0.1588 0.0122
-9.76543 1.44857 0.0759 -0.9872 0.1588 0.0122
-9.76543 1.44857 0.0759 -0.9872 0.1588 0.0122
-9.76543 1.44857 0.0759 -0.9872 0.1588 0.0122
-9.76543 1.44857 0.0759 -0.9872 0.1588 0.0122
-9.76543 1.44857 0.0759 -0.9872 0.1588 0.0122
-9.76543 1.44857 0.0759 -0.9872 0.1588 0.0122
-9.72695 1.68779 0.0759 -0.983 0.183 0.0122
-9.72695 1.68779 0.0759 -0.983 0.183 0.0122
-9.72695 1.68779 0.0759 -0.983 0.183 0.0122
-9.72695 1.68779 0.0759 -0.983 0.183 0.0122
-9.72695 1.68779 0.0759 -0.983 0.183 0.0122
-9.72695 1.68779 0.0759 -0.983 0.183 0.0122
-9.72695 1.68779 0.0759 -0.983 0.183 0.0122
-9.72695 1.68779 0.0759 -0.983 0.183 0.0122
-9.72695 1.68779 0.0759 -0.983 0.183 0.0122
-9.72695 1.68779 0.0759 -0.983 0.183 0.0122
-9.72695 1.68779 0.0759 -0.983 0.183 0.0122
-9.72695 1.68779 0.0759 -0.983 0.183 0.0122
End
-9.8723 3e-06 0.0759 -0.9998 -0.0123 0.0122
-9.8723 3e-06 0.0759 -0.9998 -0.0123 0.0122
-9.8723 3e-06 0.0759 -0.9998 -0.0123 0.0122
-9.8723 3e-06 0.0759 -0.9998 -0.0123 0.0122
-9.8723 3e-06 0.0759 -0.9998 -0.0123 0.0122
-9.8723 3e-06 0.0759 -0.9998 -0.0123 0.0122
-9.8723 3e-06 0.0759 -0.9998 -0.0123 0.0122
-9.8723 3e-06 0.0759 -0.9998 -0.0123 0.0122
-9.8723 3e-06 0.0759 -0.9998 -0.0123 0.0122
-9.8723 3e-06 0.0759 -0.9998 -0.0123 0.0122
-9.86932 0.242278 0.0759 -0.9998 0.0123 0.0122
-9.86932 0.242278 0.0759 -0.9998 0.0123 0.0122
-9.86932 0.242278 0.0759 -0.9998 0.0123 0.0122
-9.86932 0.242278 0.0759 -0.9998 0.0123 0.0122
-9.86932 0.242278 0.0759 -0.9998 0.0123 0.0122
-9.86932 0.242278 0.0759 -0.9998 0.0123 0.0122
-9.86932 0.242278 0.0759 -0.9998 0.0123 0.0122
-9.86932 0.242278 0.0759 -0.9998 0.0123 0.0122
-9.86932 0.242278 0.0759 -0.9998 0.0123 0.0122
-9.86932 0.242278 0.0759 -0.9998 0.0123 0.0122
-9.86932 0.242278 0.0759 -0.9998 0.0123 0.0122
-9.86932 0.242278 0.0759 -0.9998 0.0123 0.0122
-9.86932 0.242278 0.0759 -0.9998 0.0123 0.0122
-9.86932 0.242278 0.0759 -0.9998 0.0123 0.0122
-9.86932 0.242278 0.0759 -0.9998 0.0123 0.0122
-9.86932 0.242278 0.0759 -0.9998 0.0123 0.0122
-9.86932 0.242278 0.0759 -0.9998 0.0123 0.0122
-9.86932 0.242278 0.0759 -0.9998 0.0123 0.0122
-9.86039 0.484409 0.0759 -0.998 0.0614 0.0122
-9.86039 0.484409 0.0759 -0.998 0.0614 0.0122
-9.86039 0.484409 0.0759 -0.998 0.0614 0.0122
-9.86039 0.484409 0.0759 -0.998 0.0614 0.0122
-9.86039 0.484409 0.0759 -0.998 0.0614 0.0122
-9.86039 0.484409 0.0759 -0.998 0.0614 0.0122
-9.86039 0.484409 0.0759 -0.998 0.0614 0.0122
-9.86039 0.484409 0.0759 -0.998 0.0614 0.0122
-9.86039 0.484409 0.0759 -0.998 0.0614 0.0122
-9.86039 0.484409 0.0759 -0.998 0.0614 0.0122
-9.86039 0.484409 0.0759 -0.998 0.0614 0.0122
-9.86039 0.484409 0.0759 -0.998 0.0614 0.0122
-9.86039 0.484409 0.0759 -0.998 0.0614 0.0122
-9.86039 0.484409 0.0759 -0.998 0.0614 0.0122
-9.86039 0.484409 0.0759 -0.998 0.0614 0.0122
-9.86039 0.484409 0.0759 -0.998 0.0614 0.0122
-9.86039 0.484409 0.0759 -0.998 0.0614 0.0122
-9.86039 0.484409 0.0759 -0.998 0.0614 0.0122
-9.86039 0.484409 0.0759 -0.998 0.0614 0.0122
-9.84552 0.72625 0.0759 -0.9962 0.0858 0.0122
-9.84552 0.72625 0.0759 -0.9962 0.0858 0.0122
-9.84552 0.72625 0.0759 -0.9962 0.0858 0.0122
-9.84552 0.72625 0.0759 -0.9962 0.0858 0.0122
-9.84552 0.72625 0.0759 -0.9962 0.0858 0.0122
-9.84552 0.72625 0.0759 -0.9962 0.0858 0.0122
-9.84552 0.72625 0.0759 -0.9962 0.0858 0.0122
-9.84552 0.72625 0.0759 -0.9962 0.0858 0.0122
-9.84552 0.72625 0.0759 -0.9962 0.0858 0.0122
-9.84552 0.72625 0.0759 -0.9962 0.0858 0.0122
-9.84552 0.72625 0.0759 -0.9962 0.0858 0.0122
-9.84552 0.72625 0.0759 -0.9962 0.0858 0.0122
-9.84552 0.72625 0.0759 -0.9962 0.0858 0.0122
-9.84552 0.72625 0.0759 -0.9962 0.0858 0.0122
-9.84552 0.72625 0.0759 -0.9962 0.0858 0.0122
-9.84552 0.72625 0.0759 -0.9962 0.0858 0.0122
-9.84552 0.72625 0.0759 -0.9962 0.0858 0.0122
-9.84552 0.72625 0.0759 -0.9962 0.0858 0.0122
-9.82473 0.967654 0.0759 -0.9938 0.1102 0.0122
-9.82473 0.967654 0.0759 -0.9938 0.1102 0.0122
-9.82473 0.967654 0.0759 -0.9938 0.1102 0.0122
-9.82473 0.967654 0.0759 -0.9938 0.1102 0.0122
-9.82473 0.967654 0.0759 -0.9938 0.1102 0.0122
-9.82473 0.967654 0.0759 -0.9938 0.1102 0.0122
-9.82473 0.967654 0.0759 -0.9938 0.1102 0.0122
-9.82473 0.967654 0.0759 -0.9938 0.1102 0.0122
-9.82473 0.967654 0.0759 -0.9938 0.1102 0.0122
-9.82473 0.967654 0.0759 -0.9938 0.1102 0.0122
-9.82473 0.967654 0.0759 -0.9938 0.1102 0.0122
-9.82473 0.967654 0.0759 -0.9938 0.1102 0.0122
-9.82473 0.967654 0.0759 -0.9938 0.1102 0.0122
-9.82473 0.967654 0.0759 -0.9938 0.1102 0.0122
-9.82473 0.967654 0.0759 -0.9938 0.1102 0.0122
-9.82473 0.967654 0.0759 -0.9938 0.1102 0.0122
-9.82473 0.967654 0.0759 -0.9938 0.1102 0.0122
-9.82473 0.967654 0.0759 -0.9938 0.1102 0.0122
-9.82473 0.967654 0.0759 -0.9938 0.1102 0.0122
-9.79803 1.20847 0.0759 -0.9908 0.1345 0.0122
-9.79803 1.20847 0.0759 -0.9908 0.1345 0.0122
-9.79803 1.20847 0.0759 -0.9908 0.1345 0.0122
-9.79803 1.20847 0.0759 -0.9908 0.1345 0.0122
-9.79803 1.20847 0.0759 -0.9908 0.1345 0.0122
-9.79803 1.20847 0.0759 -0.9908 0.1345 0.0122
-9.79803 1.20847 0.0759 -0.9908 0.1345 0.0122
-9.79803 1.20847 0.0759 -0.9908 0.1345 0.0122
-9.79803 1.20847 0.0759 -0.9908 0.1345 0.0122
-9.79803 1.20847 0.0759 -0.9908 0.1345 0.0122
-9.79803 1.20847 0.0759 -0.9908 0.1345 0.0122
-9.79803 1.20847 0.0759 -0.9908 0.1345 0.0122
-9.79803 1.20847 0.0759 -0.9908 0.1345 0.0122
-9.79803 1.20847 0.0759 -0.9908 0.1345 0.0122
-9.79803 1.20847 0.0759 -0.9908 0.1345 0.0122
-9.79803 1.20847 0.0759 -0.9908 0.1345 0.0122
-9.79803 1.20847 0.0759 -0.9908 0.1345 0.0122
End
-9.8723 3e-06 0.0759 -0.9998 -0.0123 0.0122
-9.8723 3e-06 0.0759 -0.9998 -0.0123 0.0122
-9.8723 3e-06 0.0759 -0.9998 -0.0123 0.0122
-9.8723 3e-06 0.0759 -0.9998 -0.0123 0.0122
-9.8723 3e-06 0.0759 -0.9998 -0.0123 0.0122
-9.8723 3e-06 0.0759 -0.9998 -0.0123 0.0122
-9.8723 3e-06 0.0759 -0.9998 -0.0123 0.0122
-9.8723 3e-06 0.0759 -0.9998 -0.0123 0.0122
-9.8723 3e-06 0.0759 -0.9998 -0.0123 0.0122
-9.8723 3e-06 0.0759 -0.9998 -0.0123 0.0122
-9.8723 3e-06 0.0759 -0.9998 -0.0123 0.0122
-9.8723 3e-06 0.0759 -0.9998 -0.0123 0.0122
-9.86932 0.242278 0.0759 -0.9998 0.0123 0.0122
-9.86932 0.242278 0.0759 -0.9998 0.0123 0.0122
-9.86932 0.242278 0.0759 -0.9998 0.0123 0.0122
-9.86932 0.242278 0.0759 -0.9998 0.0123 0.0122
-9.86932 0.242278 0.0759 -0.9998 0.0123 0.0122
-9.86932 0.242278 0.0759 -0.9998 0.0123 0.0122
-9.86932 0.242278 0.0759 -0.9998 0.0123 0.0122
-9.86932 0.242278 0.0759 -0.9998 0.0123 0.0122
-9.86932 0.242278 0.0759 -0.9998 0.0123 0.0122
-9.86932 0.242278 0.0759 -0.9998 0.0123 0.0122
-9.86932 0.242278 0.0759 -0.9998 0.0123 0.0122
-9.86932 0.242278 0.0759 -0.9998 0.0123 0.0122
-9.86932 0.242278 0.0759 -0.9998 0.0123 0.0122
-9.86932 0.242278 0.0759 -0.9998 0.0123 0.0122
-9.86932 0.242278 0.0759 -0.9998 0.0123 0.0122
-9.86932 0.242278 0.0759 -0.9998 0.0123 0.0122
-9.86932 0.242278 0.0759 -0.9998 0.0123 0.0122
-9.86932 0.242278 0.0759 -0.9998 0.0123 0.0122
-9.86932 0.242278 0.0759 -0.9998 0.0123 0.0122
-9.86932 0.242278 0.0759 -0.9998 0.0123 0.0122
-9.86932 0.242278 0.0759 -0.9998 0.0123 0.0122
-9.86932 0.242278 0.0759 -0.9998 0.0123 0.0122
-9.86932 0.242278 0.0759 -0.9998 0.0123 0.0122
-9.86932 0.242278 0.0759 -0.9998 0.0123 0.0122
-9.86039 0.484409 0.0759 -0.998 0.0614 0.0122
-9.86039 0.484409 0.0759 -0.998 0.0614 0.0122
-9.86039 0.484409 0.0759 -0.998 0.0614 0.0122
-9.86039 0.484409 0.0759 -0.998 0.0614 0.0122
-9.86039 0.484409 0.0759 -0.998 0.0614 0.0122
-9.86039 0.484409 0.0759 -0.998 0.0614 0.0122
-9.86039 0.484409 0.0759 -0.998 0.0614 0.0122
-9.86039 0.484409 0.0759 -0.998 0.0614 0.0122
-9.86039 0.484409 0.0759 -0.998 0.0614 0.0122
-9.86039 0.484409 0.0759 -0.998 0.0614 0.0122
-9.86039 0.484409 0.0759 -0.998 0.0614 0.0122
-9.86039 0.484409 0.0759 -0.998 0.0614 0.0122
-9.86039 0.484409 0.0759 -0.998 0.0614 0.0122
-9.86039 0.484409 0.0759 -0.998 0.0614 0.0122
-9.86039 0.484409 0.0759 -0.998 0.0614 0.0122
-9.86039 0.484409 0.0759 -0.998 0.0614 0.0122
-9.86039 0.484409 0.0759 -0.998 0.0614 0.0122
-9.86039 0.484409 0.0759 -0.998 0.0614 0.0122
-9.86039 0.484409 0.0759 -0.998 0.0614 0.0122
-9.86039 0.484409 0.0759 -0.998 0.0614 0.0122
-9.86039 0.484409 0.0759 -0.998 0.0614 0.0122
-9.86039 0.484409 0.0759 -0.998 0.0614 0.0122
-9.86039 0.484409 0.0759 -0.998 0.0614 0.0122
-9.84552 0.72625 0.0759 -0.9962 0.0858 0.0122
-9.84552 0.72625 0.0759 -0.9962 0.0858 0.0122
-9.84552 0.72625 0.0759 -0.9962 0.0858 0.0122
-9.84552 0.72625 0.0759 -0.9962 0.0858 0.0122
-9.84552 0.72625 0.0759 -0.9962 0.0858 0.0122
-9.84552 0.72625 0.0759 -0.9962 0.0858 0.0122
-9.84552 0.72625 0.0759 -0.9962 0.0858 0.0122
-9.84552 0.72625 0.0759 -0.9962 0.0858 0.0122
-9.84552 0.72625 0.0759 -0.9962 0.0858 0.0122
-9.84552 0.72625 0.0759 -0.9962 0.0858 0.0122
-9.84552 0.72625 0.0759 -0.9962 0.0858 0.0122
-9.84552 0.72625 0.0759 -0.9962 0.0858 0.0122
-9.84552 0.72625 0.0759 -0.9962 0.0858 0.0122
-9.84552 0.72625 0.0759 -0.9962 0.0858 0.0122
-9.84552 0.72625 0.0759 -0.9962 0.0858 0.0122
-9.84552 0.72625 0.0759 -0.9962 0.0858 0.0122
-9.84552 0.72625 0.0759 -0.9962 0.0858 0.0122
-9.84552 0.72625 0.0759 -0.9962 0.0858 0.0122
-9.84552 0.72625 0.0759 -0.9962 0.0858 0.0122
-9.84552 0.72625 0.0759 -0.9962 0.0858 0.0122
-9.84552 0.72625 0.0759 -0.9962 0.0858 0.0122
-9.84552 0.72625 0.0759 -0.9962 0.0858 0.0122
-9.84552 0.72625 0.0759 -0.9962 0.0858 0.0122
-9.82473 0.967654 0.0759 -0.9938 0.1102 0.0122
-9.82473 0.967654 0.0759 -0.9938 0.1102 0.0122
-9.82473 0.967654 0.0759 -0.9938 0.1102 0.0122
-9.82473 0.967654 0.0759 -0.9938 0.1102 0.0122
-9.82473 0.967654 0.0759 -0.9938 0.1102 0.0122
-9.82473 0.967654 0.0759 -0.9938 0.1102 0.0122
-9.82473 0.967654 0.0759 -0.9938 0.1102 0.0122
-9.82473 0.967654 0.0759 -0.9938 0.1102 0.0122
-9.82473 0.967654 0.0759 -0.9938 0.1102 0.0122
-9.82473 0.967654 0.0759 -0.9938 0.1102 0.0122
-9.82473 0.967654 0.0759 -0.9938 0.1102 0.0122
-9.82473 0.967654 0.0759 -0.9938 0.1102 0.0122
-9.82473 0.967654 0.0759 -0.9938 0.1102 0.0122
-9.82473 0.967654 0.0759 -0.9938 0.1102 0.0122
-9.82473 0.967654 0.0759 -0.9938 0.1102 0.0122
-9.82473 0.967654 0.0759 -0.9938 0.1102 0.0122
-9.82473 0.967654 0.0759 -0.9938 0.1102 0.0122
-9.82473 0.967654 0.0759 -0.9938 0.1102 0.0122
-9.82473 0.967654 0.0759 -0.9938 0.1102 0.0122
End
-9.8723 3e-06 0.0759 -0.9998 -0.0123 0.0122
-9.8723 3e-06 0.0759 -0.9998 -0.0123 0.0122
-9.8723 3e-06 0.0759 -0.9998 -0.0123 0.0122
-9.8723 3e-06 0.0759 -0.9998 -0.0123 0.0122
-9.8723 3e-06 0.0759 -0.9998 -0.0123 0.0122
-9.8723 3e-06 0.0759 -0.9998 -0.0123 0.0122
-9.8723 3e-06 0.0759 -0.9998 -0.0123 0.0122
-9.8723 3e-06 0.0759 -0.9998 -0.0123 0.0122
-9.8723 3e-06 0.0759 -0.9998 -0.0123 0.0122
-9.8723 3e-06 0.0759 -0.9998 -0.0123 0.0122
-9.8723 3e-06 0.0759 -0.9998 -0.0123 0.0122
-9.8723 3e-06 0.0759 -0.9998 -0.0123 0.0122
-9.8723 3e-06 0.0759 -0.9998 -0.0123 0.0122
-9.8723 3e-06 0.0759 -0.9998 -0.0123 0.0122
-9.8723 3e-06 0.0759 -0.9998 -0.0123 0.0122
-9.86932 0.242278 0.0759 -0.9998 0.0123 0.0122
-9.86932 0.242278 0.0759 -0.9998 0.0123 0.0122
-9.86932 0.242278 0.0759 -0.9998 0.0123 0.0122
-9.86932 0.242278 0.0759 -0.9998 0.0123 0.0122
-9.86932 0.242278 0.0759 -0.9998 0.0123 0.0122
-9.86932 0.242278 0.0759 -0.9998 0.0123 0.0122
-9.86932 0.242278 0.0759 -0.9998 0.0123 0.0122
-9.86932 0.242278 0.0759 -0.9998 0.0123 0.0122
-9.86932 0.242278 0.0759 -0.9998 0.0123 0.0122
-9.86932 0.242278 0.0759 -0.9998 0.0123 0.0122
-9.86932 0.242278 0.0759 -0.9998 0.0123 0.0122
-9.86932 0.242278 0.0759 -0.9998 0.0123 0.0122
-9.86932 0.242278 0.0759 -0.9998 0.0123 0.0122
-9.86932 0.242278 0.0759 -0.9998 0.0123 0.0122
-9.86932 0.242278 0.0759 -0.9998 0.0123 0.0122
-9.86932 0.242278 0.0759 -0.9998 0.0123 0.0122
-9.86932 0.242278 0.0759 -0.9998 0.0123 0.0122
-9.86932 0.242278 0.0759 -0.9998 0.0123 0.0122
-9.86932 0.242278 0.0759 -0.9998 0.0123 0.0122
-9.86932 0.242278 0.0759 -0.9998 0.0123 0.0122
-9.86932 0.242278 0.0759 -0.9998 0.0123 0.0122
-9.86932 0.242278 0.0759 -0.9998 0.0123 0.0122
-9.86932 0.242278 0.0759 -0.9998 0.0123 0.0122
-9.86932 0.242278 0.0759 -0.9998 0.0123 0.0122
-9.86932 0.242278 0.0759 -0.9998 0.0123 0.0122
-9.86932 0.242278 0.0759 -0.9998 0.0123 0.0122
-9.86932 0.242278 0.0759 -0.9998 0.0123 0.0122
-9.86932 0.242278 0.0759 -0.9998 0.0123 0.0122
-9.86039 0.484409 0.0759 -0.998 0.0614 0.0122
-9.86039 0.484409 0.0759 -0.998 0.0614 0.0122
-9.86039 0.484409 0.0759 -0.998 0.0614 0.0122
-9.86039 0.484409 0.0759 -0.998 0.0614 0.0122
-9.86039 0.484409 0.0759 -0.998 0.0614 0.0122
-9.86039 0.484409 0.0759 -0.998 0.0614 0.0122
-9.86039 0.484409 0.0759 -0.998 0.0614 0.0122
-9.86039 0.484409 0.0759 -0.998 0.0614 0.0122
-9.86039 0.484409 0.0759 -0.998 0.0614 0.0122
-9.86039 0.484409 0.0759 -0.998 0.0614 0.0122
-9.86039 0.484409 0.0759 -0.998 0.0614 0.0122
-9.86039 0.484409 0.0759 -0.998 0.0614 0.0122
-9.86039 0.484409 0.0759 -0.998 0.0614 0.0122
-9.86039 0.484409 0.0759 -0.998 0.0614 0.0122
-9.86039 0.484409 0.0759 -0.998 0.0614 0.0122
-9.86039 0.484409 0.0759 -0.998 0.0614 0.0122
-9.86039 0.484409 0.0759 -0.998 0.0614 0.0122
-9.86039 0.484409 0.0759 -0.998 0.0614 0.0122
-9.86039 0.484409 0.0759 -0.998 0.0614 0.0122
-9.86039 0.484409 0.0759 -0.998 0.0614 0.0122
-9.86039 0.484409 0.0759 -0.998 0.0614 0.0122
-9.86039 0.484409 0.0759 -0.998 0.0614 0.0122
-9.86039 0.484409 0.0759 -0.998 0.0614 0.0122
-9.86039 0.484409 0.0759 -0.998 0.0614 0.0122
-9.86039 0.484409 0.0759 -0.998 0.0614 0.0122
-9.86039 0.484409 0.0759 -0.998 0.0614 0.0122
-9.86039 0.484409 0.0759 -0.998 0.0614 0.0122
-9.86039 0.484409 0.0759 -0.998 0.0614 0.0122
-9.84552 0.72625 0.0759 -0.9962 0.0858 0.0122
-9.84552 0.72625 0.0759 -0.9962 0.0858 0.0122
-9.84552 0.72625 0.0759 -0.9962 0.0858 0.0122
-9.84552 0.72625 0.0759 -0.9962 0.0858 0.0122
-9.84552 0.72625 0.0759 -0.9962 0.0858 0.0122
-9.84552 0.72625 0.0759 -0.9962 0.0858 0.0122
-9.84552 0.72625 0.0759 -0.9962 0.0858 0.0122
-9.84552 0.72625 0.0759 -0.9962 0.0858 0.0122
-9.84552 0.72625 0.0759 -0.9962 0.0858 0.0122
-9.84552 0.72625 0.0759 -0.9962 0.0858 0.0122
-9.84552 0.72625 0.0759 -0.9962 0.0858 0.0122
-9.84552 0.72625 0.0759 -0.9962 0.0858 0.0122
-9.84552 0.72625 0.0759 -0.9962 0.0858 0.0122
-9.84552 0.72625 0.0759 -0.9962 0.0858 0.0122
-9.84552 0.72625 0.0759 -0.9962 0.0858 0.0122
-9.84552 0.72625 0.0759 -0.9962 0.0858 0.0122
-9.84552 0.72625 0.0759 -0.9962 0.0858 0.0122
-9.84552 0.72625 0.0759 -0.9962 0.0858 0.0122
-9.84552 0.72625 0.0759 -0.9962 0.0858 0.0122
-9.84552 0.72625 0.0759 -0.9962 0.0858 0.0122
-9.84552 0.72625 0.0759 -0.9962 0.0858 0.0122
-9.84552 0.72625 0.0759 -0.9962 0.0858 0.0122
-9.84552 0.72625 0.0759 -0.9962 0.0858 0.0122
-9.84552 0.72625 0.0759 -0.9962 0.0858 0.0122
-9.84552 0.72625 0.0759 -0.9962 0.0858 0.0122
-9.84552 0.72625 0.0759 -0.9962 0.0858 0.0122
-9.84552 0.72625 0.0759 -0.9962 0.0858 0.0122
-9.84552 0.72625 0.0759 -0.9962 0.0858 0.0122
-9.84552 0.72625 0.0759 -0.9962 0.0858 0.0122
-9.82473 0.967654 0.0759 -0.9938 0.1102 0.0122
End
-9.8723 3e-06 0.0759 -0.9998 -0.0123 0.0122
-9.8723 3e-06 0.0759 -0.9998 -0.0123 0.0122
-9.8723 3e-06 0.0759 -0.9998 -0.0123 0.0122
-9.8723 3e-06 0.0759 -0.9998 -0.0123 0.0122
-9.8723 3e-06 0.0759 -0.9998 -0.0123 0.0122
-9.8723 3e-06 0.0759 -0.9998 -0.0123 0.0122
-9.8723 3e-06 0.0759 -0.9998 -0.0123 0.0122
-9.8723 3e-06 0.0759 -0.9998 -0.0123 0.0122
-9.8723 3e-06 0.0759 -0.9998 -0.0123 0.0122
-9.8723 3e-06 0.0759 -0.9998 -0.0123 0.0122
-9.8723 3e-06 0.0759 -0.9998 -0.0123 0.0122
-9.8723 3e-06 0.0759 -0.9998 -0.0123 0.0122
-9.8723 3e-06 0.0759 -0.9998 -0.0123 0.0122
-9.8723 3e-06 0.0759 -0.9998 -0.0123 0.0122
-9.8723 3e-06 0.0759 -0.9998 -0.0123 0.0122
-9.8723 3e-06 0.0759 -0.9998 -0.0123 0.0122
-9.8723 3e-06 0.0759 -0.9998 -0.0123 0.0122
-9.86932 0.242278 0.0759 -0.9998 0.0123 0.0122
-9.86932 0.242278 0.0759 -0.9998 0.0123 0.0122
-9.86932 0.242278 0.0759 -0.9998 0.0123 0.0122
-9.86932 0.242278 0.0759 -0.9998 0.0123 0.0122
-9.86932 0.242278 0.0759 -0.9998 0.0123 0.0122
-9.86932 0.242278 0.0759 -0.9998 0.0123 0.0122
-9.86932 0.242278 0.0759 -0.9998 0.0123 0.0122
-9.86932 0.242278 0.0759 -0.9998 0.0123 0.0122
-9.86932 0.242278 0.0759 -0.9998 0.0123 0.0122
-9.86932 0.242278 0.0759 -0.9998 0.0123 0.0122
-9.86932 0.242278 0.0759 -0.9998 0.0123 0.0122
-9.86932 0.242278 0.0759 -0.9998 0.0123 0.0122
-9.86932 0.242278 0.0759 -0.9998 0.0123 0.0122
-9.86932 0.242278 0.0759 -0.9998 0.0123 0.0122
-9.86932 0.242278 0.0759 -0.9998 0.0123 0.0122
-9.86932 0.242278 0.0759 -0.9998 0.0123 0.0122
-9.86932 0.242278 0.0759 -0.9998 0.0123 0.0122
-9.86932 0.242278 0.0759 -0.9998 0.0123 0.0122
-9.86932 0.242278 0.0759 -0.9998 0.0123 0.0122
-9.86932 0.242278 0.0759 -0.9998 0.0123 0.0122
-9.86932 0.242278 0.0759 -0.9998 0.0123 0.0122
-9.86932 0.242278 0.0759 -0.9998 0.0123 0.0122
-9.86932 0.242278 0.0759 -0.9998 0.0123 0.0122
-9.86932 0.242278 0.0759 -0.9998 0.0123 0.0122
-9.86932 0.242278 0.0759 -0.9998 0.0123 0.0122
-9.86932 0.242278 0.0759 -0.9998 0.0123 0.0122
-9.86932 0.242278 0.0759 -0.9998 0.0123 0.0122
-9.86932 0.242278 0.0759 -0.9998 0.0123 0.0122
-9.86932 0.242278 0.0759 -0.9998 0.0123 0.0122
-9.86932 0.242278 0.0759 -0.9998 0.0123 0.0122
-9.86932 0.242278 0.0759 -0.9998 0.0123 0.0122
-9.86932 0.242278 0.0759 -0.9998 0.0123 0.0122
-9.86932 0.242278 0.0759 -0.9998 0.0123 0.0122
-9.86039 0.484409 0.0759 -0.998 0.0614 0.0122
-9.86039 0.484409 0.0759 -0.998 0.0614 0.0122
-9.86039 0.484409 0.0759 -0.998 0.0614 0.0122
-9.86039 0.484409 0.0759 -0.998 0.0614 0.0122
-9.86039 0.484409 0.0759 -0.998 0.0614 0.0122
-9.86039 0.484409 0.0759 -0.998 0.0614 0.0122
-9.86039 0.484409 0.0759 -0.998 0.0614 0.0122
-9.86039 0.484409 0.0759 -0.998 0.0614 0.0122
-9.86039 0.484409 0.0759 -0.998 0.0614 0.0122
-9.86039 0.484409 0.0759 -0.998 0.0614 0.0122
-9.86039 0.484409 0.0759 -0.998 0.0614 0.0122
-9.86039 0.484409 0.0759 -0.998 0.0614 0.0122
-9.86039 0.484409 0.0759 -0.998 0.0614 0.0122
-9.86039 0.484409 0.0759 -0.998 0.0614 0.0122
-9.86039 0.484409 0.0759 -0.998 0.0614 0.0122
-9.86039 0.484409 0.0759 -0.998 0.0614 0.0122
-9.86039 0.484409 0.0759 -0.998 0.0614 0.0122
-9.86039 0.484409 0.0759 -0.998 0.0614 0.0122
-9.86039 0.484409 0.0759 -0.998 0.0614 0.0122
-9.86039 0.484409 0.0759 -0.998 0.0614 0.0122
-9.86039 0.484409 0.0759 -0.998 0.0614 0.0122
-9.86039 0.484409 0.0759 -0.998 0.0614 0.0122
-9.86039 0.484409 0.0759 -0.998 0.0614 0.0122
-9.86039 0.484409 0.0759 -0.998 0.0614 0.0122
-9.86039 0.484409 0.0759 -0.998 0.0614 0.0122
-9.86039 0.484409 0.0759 -0.998 0.0614 0.0122
-9.86039 0.484409 0.0759 -0.998 0.0614 0.0122
-9.86039 0.484409 0.0759 -0.998 0.0614 0.0122
-9.86039 0.484409 0.0759 -0.998 0.0614 0.0122
-9.86039 0.484409 0.0759 -0.998 0.0614 0.0122
-9.86039 0.484409 0.0759 -0.998 0.0614 0.0122
-9.86039 0.484409 0.0759 -0.998 0.0614 0.0122
-9.86039 0.484409 0.0759 -0.998 0.0614 0.0122
-9.84552 0.72625 0.0759 -0.9962 0.0858 0.0122
-9.84552 0.72625 0.0759 -0.9962 0.0858 0.0122
-9.84552 0.72625 0.0759 -0.9962 0.0858 0.0122
-9.84552 0.72625 0.0759 -0.9962 0.0858 0.0122
-9.84552 0.72625 0.0759 -0.9962 0.0858 0.0122
-9.84552 0.72625 0.0759 -0.9962 0.0858 0.0122
-9.84552 0.72625 0.0759 -0.9962 0.0858 0.0122
-9.84552 0.72625 0.0759 -0.9962 0.0858 0.0122
-9.84552 0.72625 0.0759 -0.9962 0.0858 0.0122
-9.84552 0.72625 0.0759 -0.9962 0.0858 0.0122
-9.84552 0.72625 0.0759 -0.9962 0.0858 0.0122
-9.84552 0.72625 0.0759 -0.9962 0.0858 0.0122
-9.84552 0.72625 0.0759 -0.9962 0.0858 0.0122
-9.84552 0.72625 0.0759 -0.9962 0.0858 0.0122
-9.84552 0.72625 0.0759 -0.9962 0.0858 0.0122
-9.84552 0.72625 0.0759 -0.9962 0.0858 0.0122
-9.84552 0.72625 0.0759 -0.9962 0.0858 0.0122
-9.84552 0.72625 0.0759 -0.9962 0.0858 0.0122
End
-9.8723 3e-06 0.0759 -0.9998 -0.0123 0.0122
-9.8723 3e-06 0.0759 -0.9998 -0.0123 0.0122
-9.8723 3e-06 0.0759 -0.9998 -0.0123 0.0122
-9.8723 3e-06 0.0759 -0.9998 -0.0123 0.0122
-9.8723 3e-06 0.0759 -0.9998 -0.0123 0.0122
-9.8723 3e-06 0.0759 -0.9998 -0.0123 0.0122
-9.8723 3e-06 0.0759 -0.9998 -0.0123 0.0122
-9.8723 3e-06 0.0759 -0.9998 -0.0123 0.0122
-9.8723 3e-06 0.0759 -0.9998 -0.0123 0.0122
-9.8723 3e-06 0.0759 -0.9998 -0.0123 0.0122
-9.8723 3e-06 0.0759 -0.9998 -0.0123 0.0122
-9.8723 3e-06 0.0759 -0.9998 -0.0123 0.0122
-9.8723 3e-06 0.0759 -0.9998 -0.0123 0.0122
-9.8723 3e-06 0.0759 -0.9998 -0.0123 0.0122
-9.8723 3e-06 0.0759 -0.9998 -0.0123 0.0122
-9.8723 3e-06 0.0759 -0.9998 -0.0123 0.0122
-9.8723 3e-06 0.0759 -0.9998 -0.0123 0.0122
-9.8723 3e-06 0.0759 -0.9998 -0.0123 0.0122
-9.8723 3e-06 0.0759 -0.9998 -0.0123 0.0122
-9.8723 3e-06 0.0759 -0.9998 -0.0123 0.0122
-9.86932 0.242278 0.0759 -0.9998 0.0123 0.0122
-9.86932 0.242278 0.0759 -0.9998 0.0123 0.0122
-9.86932 0.242278 0.0759 -0.9998 0.0123 0.0122
-9.86932 0.242278 0.0759 -0.9998 0.0123 0.0122
-9.86932 0.242278 0.0759 -0.9998 0.0123 0.0122
-9.86932 0.242278 0.0759 -0.9998 0.0123 0.0122
-9.86932 0.242278 0.0759 -0.9998 0.0123 0.0122
-9.86932 0.242278 0.0759 -0.9998 0.0123 0.0122
-9.86932 0.242278 0.0759 -0.9998 0.0123 0.0122
-9.86932 0.242278 0.0759 -0.9998 0.0123 0.0122
-9.86932 0.242278 0.0759 -0.9998 0.0123 0.0122
-9.86932 0.242278 0.0759 -0.9998 0.0123 0.0122
-9.86932 0.242278 0.0759 -0.9998 0.0123 0.0122
-9.86932 0.242278 0.0759 -0.9998 0.0123 0.0122
-9.86932 0.242278 0.0759 -0.9998 0.0123 0.0122
-9.86932 0.242278 0.0759 -0.9998 0.0123 0.0122
-9.86932 0.242278 0.0759 -0.9998 0.0123 0.0122
-9.86932 0.242278 0.0759 -0.9998 0.0123 0.0122
-9.86932 0.242278 0.0759 -0.9998 0.0123 0.0122
-9.86932 0.242278 0.0759 -0.9998 0.0123 0.0122
-9.86932 0.242278 0.0759 -0.9998 0.0123 0.0122
-9.86932 0.242278 0.0759 -0.9998 0.0123 0.0122
-9.86932 0.242278 0.0759 -0.9998 0.0123 0.0122
-9.86932 0.242278 0.0759 -0.9998 0.0123 0.0122
-9.86932 0.242278 0.0759 -0.9998 0.0123 0.0122
-9.86932 0.242278 0.0759 -0.9998 0.0123 0.0122
-9.86932 0.242278 0.0759 -0.9998 0.0123 0.0122
-9.86932 0.242278 0.0759 -0.9998 0.0123 0.0122
-9.86932 0.242278 0.0759 -0.9998 0.0123 0.0122
-9.86932 0.242278 0.0759 -0.9998 0.0123 0.0122
-9.86932 0.242278 0.0759 -0.9998 0.0123 0.0122
-9.86932 0.242278 0.0759 -0.9998 0.0123 0.0122
-9.86932 0.242278 0.0759 -0.9998 0.0123 0.0122
-9.86932 0.242278 0.0759 -0.9998 0.0123 0.0122
-9.86932 0.242278 0.0759 -0.9998 0.0123 0.0122
-9.86932 0.242278 0.0759 -0.9998 0.0123 0.0122
-9.86932 0.242278 0.0759 -0.9998 0.0123 0.0122
-9.86932 0.242278 0.0759 -0.9998 0.0123 0.0122
-9.86039 0.484409 0.0759 -0.998 0.0614 0.0122
-9.86039 0.484409 0.0759 -0.998 0.0614 0.0122
-9.86039 0.484409 0.0759 -0.998 0.0614 0.0122
-9.86039 0.484409 0.0759 -0.998 0.0614 0.0122
-9.86039 0.484409 0.0759 -0.998 0.0614 0.0122
-9.86039 0.484409 0.0759 -0.998 0.0614 0.0122
-9.86039 0.484409 0.0759 -0.998 0.0614 0.0122
-9.86039 0.484409 0.0759 -0.998 0.0614 0.0122
-9.86039 0.484409 0.0759 -0.998 0.0614 0.0122
-9.86039 0.484409 0.0759 -0.998 0.0614 0.0122
-9.86039 0.484409 0.0759 -0.998 0.0614 0.0122
-9.86039 0.484409 0.0759 -0.998 0.0614 0.0122
-9.86039 0.484409 0.0759 -0.998 0.0614 0.0122
-9.86039 0.484409 0.0759 -0.998 0.0614 0.0122
-9.86039 0.484409 0.0759 -0.998 0.0614 0.0122
-9.86039 0.484409 0.0759 -0.998 0.0614 0.0122
-9.86039 0.484409 0.0759 -0.998 0.0614 0.0122
-9.86039 0.484409 0.0759 -0.998 0.0614 0.0122
-9.86039 0.484409 0.0759 -0.998 0.0614 0.0122
-9.86039 0.484409 0.0759 -0.998 0.0614 0.0122
-9.86039 0.484409 0.0759 -0.998 0.0614 0.0122
-9.86039 0.484409 0.0759 -0.998 0.0614 0.0122
-9.86039 0.484409 0.0759 -0.998 0.0614 0.0122
-9.86039 0.484409 0.0759 -0.998 0.0614 0.0122
-9.86039 0.484409 0.0759 -0.998 0.0614 0.0122
-9.86039 0.484409 0.0759 -0.998 0.0614 0.0122
-9.86039 0.484409 0.0759 -0.998 0.0614 0.0122
-9.86039 0.484409 0.0759 -0.998 0.0614 0.0122
-9.86039 0.484409 0.0759 -0.998 0.0614 0.0122
-9.86039 0.484409 0.0759 -0.998 0.0614 0.0122
-9.86039 0.484409 0.0759 -0.998 0.0614 0.0122
-9.86039 0.484409 0.0759 -0.998 0.0614 0.0122
-9.86039 0.484409 0.0759 -0.998 0.0614 0.0122
-9.86039 0.484409 0.0759 -0.998 0.0614 0.0122
-9.86039 0.484409 0.0759 -0.998 0.0614 0.0122
-9.86039 0.484409 0.0759 -0.998 0.0614 0.0122
-9.86039 0.484409 0.0759 -0.998 0.0614 0.0122
-9.86039 0.484409 0.0759 -0.998 0.0614 0.0122
-9.84552 0.72625 0.0759 -0.9962 0.0858 0.0122
-9.84552 0.72625 0.0759 -0.9962 0.0858 0.0122
-9.84552 0.72625 0.0759 -0.9962 0.0858 0.0122
-9.84552 0.72625 0.0759 -0.9962 0.0858 0.0122
-9.84552 0.72625 0.0759 -0.9962 0.0858 0.0122
End
-9.8723 3e-06 0.0759 -0.9998 -0.0123 0.0122
-9.8723 3e-06 0.0759 -0.9998 -0.0123 0.0122
-9.8723 3e-06 0.0759 -0.9998 -0.0123 0.0122
-9.8723 3e-06 0.0759 -0.9998 -0.0123 0.0122
-9.8723 3e-06 0.0759 -0.9998 -0.0123 0.0122
-9.8723 3e-06 0.0759 -0.9998 -0.0123 0.0122
-9.8723 3e-06 0.0759 -0.9998 -0.0123 0.0122
-9.8723 3e-06 0.0759 -0.9998 -0.0123 0.0122
-9.8723 3e-06 0.0759 -0.9998 -0.0123 0.0122
-9.8723 3e-06 0.0759 -0.9998 -0.0123 0.0122
-9.8723 3e-06 0.0759 -0.9998 -0.0123 0.0122
-9.8723 3e-06 0.0759 -0.9998 -0.0123 0.0122
-9.8723 3e-06 0.0759 -0.9998 -0.0123 0.0122
-9.8723 3e-06 0.0759 -0.9998 -0.0123 0.0122
-9.8723 3e-06 0.0759 -0.9998 -0.0123 0.0122
-9.8723 3e-06 0.0759 -0.9998 -0.0123 0.0122
-9.8723 3e-06 0.0759 -0.9998 -0.0123 0.0122
-9.8723 3e-06 0.0759 -0.9998 -0.0123 0.0122
-9.8723 3e-06 0.0759 -0.9998 -0.0123 0.0122
-9.8723 3e-06 0.0759 -0.9998 -0.0123 0.0122
-9.8723 3e-06 0.0759 -0.9998 -0.0123 0.0122
-9.8723 3e-06 0.0759 -0.9998 -0.0123 0.0122
-9.86932 0.242278 0.0759 -0.9998 0.0123 0.0122
-9.86932 0.242278 0.0759 -0.9998 0.0123 0.0122
-9.86932 0.242278 0.0759 -0.9998 0.0123 0.0122
-9.86932 0.242278 0.0759 -0.9998 0.0123 0.0122
-9.86932 0.242278 0.0759 -0.9998 0.0123 0.0122
-9.86932 0.242278 0.0759 -0.9998 0.0123 0.0122
-9.86932 0.242278 0.0759 -0.9998 0.0123 0.0122
-9.86932 0.242278 0.0759 -0.9998 0.0123 0.0122
-9.86932 0.242278 0.0759 -0.9998 0.0123 0.0122
-9.86932 0.242278 0.0759 -0.9998 0.0123 0.0122
-9.86932 0.242278 0.0759 -0.9998 0.0123 0.0122
-9.86932 0.242278 0.0759 -0.9998 0.0123 0.0122
-9.86932 0.242278 0.0759 -0.9998 0.0123 0.0122
-9.86932 0.242278 0.0759 -0.9998 0.0123 0.0122
-9.86932 0.242278 0.0759 -0.9998 0.0123 0.0122
-9.86932 0.242278 0.0759 -0.9998 0.0123 0.0122
-9.86932 0.242278 0.0759 -0.9998 0.0123 0.0122
-9.86932 0.242278 0.0759 -0.9998 0.0123 0.0122
-9.86932 0.242278 0.0759 -0.9998 0.0123 0.0122
-9.86932 0.242278 0.0759 -0.9998 0.0123 0.0122
-9.86932 0.242278 0.0759 -0.9998 0.0123 0.0122
-9.86932 0.242278 0.0759 -0.9998 0.0123 0.0122
-9.86932 0.242278 0.0759 -0.9998 0.0123 0.0122
-9.86932 0.242278 0.0759 -0.9998 0.0123 0.0122
-9.86932 0.242278 0.0759 -0.9998 0.0123 0.0122
-9.86932 0.242278 0.0759 -0.9998 0.0123 0.0122
-9.86932 0.242278 0.0759 -0.9998 0.0123 0.0122
-9.86932 0.242278 0.0759 -0.9998 0.0123 0.0122
-9.86932 0.242278 0.0759 -0.9998 0.0123 0.0122
-9.86932 0.242278 0.0759 -0.9998 0.0123 0.0122
-9.86932 0.242278 0.0759 -0.9998 0.0123 0.0122
-9.86932 0.242278 0.0759 -0.9998 0.0123 0.0122
-9.86932 0.242278 0.0759 -0.9998 0.0123 0.0122
-9.86932 0.242278 0.0759 -0.9998 0.0123 0.0122
-9.86932 0.242278 0.0759 -0.9998 0.0123 0.0122
-9.86932 0.242278 0.0759 -0.9998 0.0123 0.0122
-9.86932 0.242278 0.0759 -0.9998 0.0123 0.0122
-9.86932 0.242278 0.0759 -0.9998 0.0123 0.0122
-9.86932 0.242278 0.0759 -0.9998 0.0123 0.0122
-9.86932 0.242278 0.0759 -0.9998 0.0123 0.0122
-9.86932 0.242278 0.0759 -0.9998 0.0123 0.0122
-9.86932 0.242278 0.0759 -0.9998 0.0123 0.0122
-9.86932 0.242278 0.0759 -0.9998 0.0123 0.0122
-9.86039 0.484409 0.0759 -0.998 0.0614 0.0122
-9.86039 0.484409 0.0759 -0.998 0.0614 0.0122
-9.86039 0.484409 0.0759 -0.998 0.0614 0.0122
-9.86039 0.484409 0.0759 -0.998 0.0614 0.0122
-9.86039 0.484409 0.0759 -0.998 0.0614 0.0122
-9.86039 0.484409 0.0759 -0.998 0.0614 0.0122
-9.86039 0.484409 0.0759 -0.998 0.0614 0.0122
-9.86039 0.484409 0.0759 -0.998 0.0614 0.0122
-9.86039 0.484409 0.0759 -0.998 0.0614 0.0122
-9.86039 0.484409 0.0759 -0.998 0.0614 0.0122
-9.86039 0.484409 0.0759 -0.998 0.0614 0.0122
-9.86039 0.484409 0.0759 -0.998 0.0614 0.0122
-9.86039 0.484409 0.0759 -0.998 0.0614 0.0122
-9.86039 0.484409 0.0759 -0.998 0.0614 0.0122
-9.86039 0.484409 0.0759 -0.998 0.0614 0.0122
-9.86039 0.484409 0.0759 -0.998 0.0614 0.0122
-9.86039 0.484409 0.0759 -0.998 0.0614 0.0122
-9.86039 0.484409 0.0759 -0.998 0.0614 0.0122
-9.86039 0.484409 0.0759 -0.998 0.0614 0.0122
-9.86039 0.484409 0.0759 -0.998 0.0614 0.0122
-9.86039 0.484409 0.0759 -0.998 0.0614 0.0122
-9.86039 0.484409 0.0759 -0.998 0.0614 0.0122
-9.86039 0.484409 0.0759 -0.998 0.0614 0.0122
-9.86039 0.484409 0.0759 -0.998 0.0614 0.0122
-9.86039 0.484409 0.0759 -0.998 0.0614 0.0122
-9.86039 0.484409 0.0759 -0.998 0.0614 0.0122
-9.86039 0.484409 0.0759 -0.998 0.0614 0.0122
-9.86039 0.484409 0.0759 -0.998 0.0614 0.0122
-9.86039 0.484409 0.0759 -0.998 0.0614 0.0122
-9.86039 0.484409 0.0759 -0.998 0.0614 0.0122
-9.86039 0.484409 0.0759 -0.998 0.0614 0.0122
-9.86039 0.484409 0.0759 -0.998 0.0614 0.0122
-9.86039 0.484409 0.0759 -0.998 0.0614 0.0122
-9.86039 0.484409 0.0759 -0.998 0.0614 0.0122
-9.86039 0.484409 0.0759 -0.998 0.0614 0.0122
-9.86039 0.484409 0.0759 -0.998 0.0614 0.0122
End
-9.8723 3e-06 0.0759 -0.9998 -0.0123 0.0122
-9.8723 3e-06 0.0759 -0.9998 -0.0123 0.0122
-9.8723 3e-06 0.0759 -0.9998 -0.0123 0.0122
-9.8723 3e-06 0.0759 -0.9998 -0.0123 0.0122
-9.8723 3e-06 0.0759 -0.9998 -0.0123 0.0122
-9.8723 3e-06 0.0759 -0.9998 -0.0123 0.0122
-9.8723 3e-06 0.0759 -0.9998 -0.0123 0.0122
-9.8723 3e-06 0.0759 -0.9998 -0.0123 0.0122
-9.8723 3e-06 0.0759 -0.9998 -0.0123 0.0122
-9.8723 3e-06 0.0759 -0.9998 -0.0123 0.0122
-9.8723 3e-06 0.0759 -0.9998 -0.0123 0.0122
-9.8723 3e-06 0.0759 -0.9998 -0.0123 0.0122
-9.8723 3e-06 0.0759 -0.9998 -0.0123 0.0122
-9.8723 3e-06 0.0759 -0.9998 -0.0123 0.0122
-9.8723 3e-06 0.0759 -0.9998 -0.0123 0.0122
-9.8723 3e-06 0.0759 -0.9998 -0.0123 0.0122
-9.8723 3e-06 0.0759 -0.9998 -0.0123 0.0122
-9.8723 3e-06 0.0759 -0.9998 -0.0123 0.0122
-9.8723 3e-06 0.0759 -0.9998 -0.0123 0.0122
-9.8723 3e-06 0.0759 -0.9998 -0.0123 0.0122
-9.8723 3e-06 0.0759 -0.9998 -0.0123 0.0122
-9.8723 3e-06 0.0759 -0.9998 -0.0123 0.0122
-9.8723 3e-06 0.0759 -0.9998 -0.0123 0.0122
-9.8723 3e-06 0.0759 -0.9998 -0.0123 0.0122
-9.86932 0.242278 0.0759 -0.9998 0.0123 0.0122
-9.86932 0.242278 0.0759 -0.9998 0.0123 0.0122
-9.86932 0.242278 0.0759 -0.9998 0.0123 0.0122
-9.86932 0.242278 0.0759 -0.9998 0.0123 0.0122
-9.86932 0.242278 0.0759 -0.9998 0.0123 0.0122
-9.86932 0.242278 0.0759 -0.9998 0.0123 0.0122
-9.86932 0.242278 0.0759 -0.9998 0.0123 0.0122
-9.86932 0.242278 0.0759 -0.9998 0.0123 0.0122
-9.86932 0.242278 0.0759 -0.9998 0.0123 0.0122
-9.86932 0.242278 0.0759 -0.9998 0.0123 0.0122
-9.86932 0.242278 0.0759 -0.9998 0.0123 0.0122
-9.86932 0.242278 0.0759 -0.9998 0.0123 0.0122
-9.86932 0.242278 0.0759 -0.9998 0.0123 0.0122
-9.86932 0.242278 0.0759 -0.9998 0.0123 0.0122
-9.86932 0.242278 0.0759 -0.9998 0.0123 0.0122
-9.86932 0.242278 0.0759 -0.9998 0.0123 0.0122
-9.86932 0.242278 0.0759 -0.9998 0.0123 0.0122
-9.86932 0.242278 0.0759 -0.9998 0.0123 0.0122
-9.86932 0.242278 0.0759 -0.9998 0.0123 0.0122
-9.86932 0.242278 0.0759 -0.9998 0.0123 0.0122
-9.86932 0.242278 0.0759 -0.9998 0.0123 0.0122
-9.86932 0.242278 0.0759 -0.9998 0.0123 0.0122
-9.86932 0.242278 0.0759 -0.9998 0.0123 0.0122
-9.86932 0.242278 0.0759 -0.9998 0.0123 0.0122
-9.86932 0.242278 0.0759 -0.9998 0.0123 0.0122
-9.86932 0.242278 0.0759 -0.9998 0.0123 0.0122
-9.86932 0.242278 0.0759 -0.9998 0.0123 0.0122
-9.86932 0.242278 0.0759 -0.9998 0.0123 0.0122
-9.86932 0.242278 0.0759 -0.9998 0.0123 0.0122
-9.86932 0.242278 0.0759 -0.9998 0.0123 0.0122
-9.86932 0.242278 0.0759 -0.9998 0.0123 0.0122
-9.86932 0.242278 0.0759 -0.9998 0.0123 0.0122
-9.86932 0.242278 0.0759 -0.9998 0.0123 0.0122
-9.86932 0.242278 0.0759 -0.9998 0.0123 0.0122
-9.86932 0.242278 0.0759 -0.9998 0.0123 0.0122
-9.86932 0.242278 0.0759 -0.9998 0.0123 0.0122
-9.86932 0.242278 0.0759 -0.9998 0.0123 0.0122
-9.86932 0.242278 0.0759 -0.9998 0.0123 0.0122
-9.86932 0.242278 0.0759 -0.9998 0.0123 0.0122
-9.86932 0.242278 0.0759 -0.9998 0.0123 0.0122
-9.86932 0.242278 0.0759 -0.9998 0.0123 0.0122
-9.86932 0.242278 0.0759 -0.9998 0.0123 0.0122
-9.86932 0.242278 0.0759 -0.9998 0.0123 0.0122
-9.86932 0.242278 0.0759 -0.9998 0.0123 0.0122
-9.86932 0.242278 0.0759 -0.9998 0.0123 0.0122
-9.86932 0.242278 0.0759 -0.9998 0.0123 0.0122
-9.86932 0.242278 0.0759 -0.9998 0.0123 0.0122
-9.86932 0.242278 0.0759 -0.9998 0.0123 0.0122
-9.86039 0.484409 0.0759 -0.998 0.0614 0.0122
-9.86039 0.484409 0.0759 -0.998 0.0614 0.0122
-9.86039 0.484409 0.0759 -0.998 0.0614 0.0122
-9.86039 0.484409 0.0759 -0.998 0.0614 0.0122
-9.86039 0.484409 0.0759 -0.998 0.0614 0.0122
-9.86039 0.484409 0.0759 -0.998 0.0614 0.0122
-9.86039 0.484409 0.0759 -0.998 0.0614 0.0122
-9.86039 0.484409 0.0759 -0.998 0.0614 0.0122
-9.86039 0.484409 0.0759 -0.998 0.0614 0.0122
-9.86039 0.484409 0.0759 -0.998 0.0614 0.0122
-9.86039 0.484409 0.0759 -0.998 0.0614 0.0122
-9.86039 0.484409 0.0759 -0.998 0.0614 0.0122
-9.86039 0.484409 0.0759 -0.998 0.0614 0.0122
-9.86039 0.484409 0.0759 -0.998 0.0614 0.0122
-9.86039 0.484409 0.0759 -0.998 0.0614 0.0122
-9.86039 0.484409 0.0759 -0.998 0.0614 0.0122
-9.86039 0.484409 0.0759 -0.998 0.0614 0.0122
-9.86039 0.484409 0.0759 -0.998 0.0614 0.0122
-9.86039 0.484409 0.0759 -0.998 0.0614 0.0122
-9.86039 0.484409 0.0759 -0.998 0.0614 0.0122
-9.86039 0.484409 0.0759 -0.998 0.0614 0.0122
-9.86039 0.484409 0.0759 -0.998 0.0614 0.0122
-9.86039 0.484409 0.0759 -0.998 0.0614 0.0122
-9.86039 0.484409 0.0759 -0.998 0.0614 0.0122
-9.86039 0.484409 0.0759 -0.998 0.0614 0.0122
-9.86039 0.484409 0.0759 -0.998 0.0614 0.0122
-9.86039 0.484409 0.0759 -0.998 0.0614 0.0122
-9.86039 0.484409 0.0759 -0.998 0.0614 0.0122
-9.86039 0.484409 0.0759 -0.998 0.0614 0.0122
End
-9.8723 3e-06 0.0759 -0.9998 -0.0123 0.0122
-9.8723 3e-06 0.0759 -0.9998 -0.0123 0.0122
-9.8723 3e-06 0.0759 -0.9998 -0.0123 0.0122
-9.8723 3e-06 0.0759 -0.9998 -0.0123 0.0122
-9.8723 3e-06 0.0759 -0.9998 -0.0123 0.0122
-9.8723 3e-06 0.0759 -0.9998 -0.0123 0.0122
-9.8723 3e-06 0.0759 -0.9998 -0.0123 0.0122
-9.8723 3e-06 0.0759 -0.9998 -0.0123 0.0122
-9.8723 3e-06 0.0759 -0.9998 -0.0123 0.0122
-9.8723 3e-06 0.0759 -0.9998 -0.0123 0.0122
-9.8723 3e-06 0.0759 -0.9998 -0.0123 0.0122
-9.8723 3e-06 0.0759 -0.9998 -0.0123 0.0122
-9.8723 3e-06 0.0759 -0.9998 -0.0123 0.0122
-9.8723 3e-06 0.0759 -0.9998 -0.0123 0.0122
-9.8723 3e-06 0.0759 -0.9998 -0.0123 0.0122
-9.8723 3e-06 0.0759 -0.9998 -0.0123 0.0122
-9.8723 3e-06 0.0759 -0.9998 -0.0123 0.0122
-9.8723 3e-06 0.0759 -0.9998 -0.0123 0.0122
-9.8723 3e-06 0.0759 -0.9998 -0.0123 0.0122
-9.8723 3e-06 0.0759 -0.9998 -0.0123 0.0122
-9.8723 3e-06 0.0759 -0.9998 -0.0123 0.0122
-9.8723 3e-06 0.0759 -0.9998 -0.0123 0.0122
-9.8723 3e-06 0.0759 -0.9998 -0.0123 0.0122
-9.8723 3e-06 0.0759 -0.9998 -0.0123 0.0122
-9.8723 3e-06 0.0759 -0.9998 -0.0123 0.0122
-9.8723 3e-06 0.0759 -0.9998 -0.0123 0.0122
-9.8723 3e-06 0.0759 -0.9998 -0.0123 0.0122
-9.8723 3e-06 0.0759 -0.9998 -0.0123 0.0122
-9.8723 3e-06 0.0759 -0.9998 -0.0123 0.0122
-9.8723 3e-06 0.0759 -0.9998 -0.0123 0.0122
-9.8723 3e-06 0.0759 -0.9998 -0.0123 0.0122
-9.8723 3e-06 0.0759 -0.9998 -0.0123 0.0122
-9.8723 3e-06 0.0759 -0.9998 -0.0123 0.0122
-9.8723 3e-06 0.0759 -0.9998 -0.0123 0.0122
-9.8723 3e-06 0.0759 -0.9998 -0.0123 0.0122
-9.8723 3e-06 0.0759 -0.9998 -0.0123 0.0122
-9.8723 3e-06 0.0759 -0.9998 -0.0123 0.0122
-9.8723 3e-06 0.0759 -0.9998 -0.0123 0.0122
-9.8723 3e-06 0.0759 -0.9998 -0.0123 0.0122
-9.8723 3e-06 0.0759 -0.9998 -0.0123 0.0122
-9.8723 3e-06 0.0759 -0.9998 -0.0123 0.0122
-9.8723 3e-06 0.0759 -0.9998 -0.0123 0.0122
-9.8723 3e-06 0.0759 -0.9998 -0.0123 0.0122
-9.8723 3e-06 0.0759 -0.9998 -0.0123 0.0122
-9.8723 3e-06 0.0759 -0.9998 -0.0123 0.0122
-9.8723 3e-06 0.0759 -0.9998 -0.0123 0.0122
-9.8723 3e-06 0.0759 -0.9998 -0.0123 0.0122
-9.8723 3e-06 0.0759 -0.9998 -0.0123 0.0122
-9.8723 3e-06 0.0759 -0.9998 -0.0123 0.0122
-9.8723 3e-06 0.0759 -0.9998 -0.0123 0.0122
-9.8723 3e-06 0.0759 -0.9998 -0.0123 0.0122
-9.8723 3e-06 0.0759 -0.9998 -0.0123 0.0122
-9.8723 3e-06 0.0759 -0.9998 -0.0123 0.0122
-9.8723 3e-06 0.0759 -0.9998 -0.0123 0.0122
-9.8723 3e-06 0.0759 -0.9998 -0.0123 0.0122
-9.8723 3e-06 0.0759 -0.9998 -0.0123 0.0122
-9.8723 3e-06 0.0759 -0.9998 -0.0123 0.0122
-9.8723 3e-06 0.0759 -0.9998 -0.0123 0.0122
-9.8723 3e-06 0.0759 -0.9998 -0.0123 0.0122
-9.8723 3e-06 0.0759 -0.9998 -0.0123 0.0122
-9.8723 3e-06 0.0759 -0.9998 -0.0123 0.0122
-9.8723 3e-06 0.0759 -0.9998 -0.0123 0.0122
-9.8723 3e-06 0.0759 -0.9998 -0.0123 0.0122
-9.8723 3e-06 0.0759 -0.9998 -0.0123 0.0122
-9.8723 3e-06 0.0759 -0.9998 -0.0123 0.0122
-9.8723 3e-06 0.0759 -0.9998 -0.0123 0.0122
-9.8723 3e-06 0.0759 -0.9998 -0.0123 0.0122
-9.8723 3e-06 0.0759 -0.9998 -0.0123 0.0122
-9.8723 3e-06 0.0759 -0.9998 -0.0123 0.0122
-9.8723 3e-06 0.0759 -0.9998 -0.0123 0.0122
-9.8723 3e-06 0.0759 -0.9998 -0.0123 0.0122
-9.8723 3e-06 0.0759 -0.9998 -0.0123 0.0122
-9.8723 3e-06 0.0759 -0.9998 -0.0123 0.0122
-9.8723 3e-06 0.0759 -0.9998 -0.0123 0.0122
-9.8723 3e-06 0.0759 -0.9998 -0.0123 0.0122
-9.8723 3e-06 0.0759 -0.9998 -0.0123 0.0122
-9.8723 3e-06 0.0759 -0.9998 -0.0123 0.0122
-9.8723 3e-06 0.0759 -0.9998 -0.0123 0.0122
-9.8723 3e-06 0.0759 -0.9998 -0.0123 0.0122
-9.8723 3e-06 0.0759 -0.9998 -0.0123 0.0122
-9.8723 3e-06 0.0759 -0.9998 -0.0123 0.0122
-9.8723 3e-06 0.0759 -0.9998 -0.0123 0.0122
-9.8723 3e-06 0.0759 -0.9998 -0.0123 0.0122
-9.8723 3e-06 0.0759 -0.9998 -0.0123 0.0122
-9.8723 3e-06 0.0759 -0.9998 -0.0123 0.0122
-9.8723 3e-06 0.0759 -0.9998 -0.0123 0.0122
-9.8723 3e-06 0.0759 -0.9998 -0.0123 0.0122
-9.8723 3e-06 0.0759 -0.9998 -0.0123 0.0122
-9.8723 3e-06 0.0759 -0.9998 -0.0123 0.0122
-9.8723 3e-06 0.0759 -0.9998 -0.0123 0.0122
-9.8723 3e-06 0.0759 -0.9998 -0.0123 0.0122
-9.8723 3e-06 0.0759 -0.9998 -0.0123 0.0122
-9.8723 3e-06 0.0759 -0.9998 -0.0123 0.0122
-9.8723 3e-06 0.0759 -0.9998 -0.0123 0.0122
-9.8723 3e-06 0.0759 -0.9998 -0.0123 0.0122
-9.8723 3e-06 0.0759 -0.9998 -0.0123 0.0122
-9.8723 3e-06 0.0759 -0.9998 -0.0123 0.0122
-9.8723 3e-06 0.0759 -0.9998 -0.0123 0.0122
-9.8723 3e-06 0.0759 -0.9998 -0.0123 0.0122
-9.8723 3e-06 0.0759 -0.9998 -0.0123 0.0122
-9.8723 3e-06 0.0759 -0.9998 -0.0123 0.0122
End
-9.8723 3e-06 0.0759 -0.9998 -0.0123 0.0122
-9.8723 3e-06 0.0759 -0.9998 -0.0123 0.0122
-9.8723 3e-06 0.0759 -0.9998 -0.0123 0.0122
-9.8723 3e-06 0.0759 -0.9998 -0.0123 0.0122
-9.8723 3e-06 0.0759 -0.9998 -0.0123 0.0122
-9.8723 3e-06 0.0759 -0.9998 -0.0123 0.0122
-9.8723 3e-06 0.0759 -0.9998 -0.0123 0.0122
-9.8723 3e-06 0.0759 -0.9998 -0.0123 0.0122
-9.8723 3e-06 0.0759 -0.9998 -0.0123 0.0122
-9.8723 3e-06 0.0759 -0.9998 -0.0123 0.0122
-9.8723 3e-06 0.0759 -0.9998 -0.0123 0.0122
-9.8723 3e-06 0.0759 -0.9998 -0.0123 0.0122
-9.8723 3e-06 0.0759 -0.9998 -0.0123 0.0122
-9.8723 3e-06 0.0759 -0.9998 -0.0123 0.0122
-9.8723 3e-06 0.0759 -0.9998 -0.0123 0.0122
-9.8723 3e-06 0.0759 -0.9998 -0.0123 0.0122
-9.8723 3e-06 0.0759 -0.9998 -0.0123 0.0122
-9.8723 3e-06 0.0759 -0.9998 -0.0123 0.0122
-9.8723 3e-06 0.0759 -0.9998 -0.0123 0.0122
-9.8723 3e-06 0.0759 -0.9998 -0.0123 0.0122
-9.8723 3e-06 0.0759 -0.9998 -0.0123 0.0122
-9.8723 3e-06 0.0759 -0.9998 -0.0123 0.0122
-9.8723 3e-06 0.0759 -0.9998 -0.0123 0.0122
-9.8723 3e-06 0.0759 -0.9998 -0.0123 0.0122
-9.8723 3e-06 0.0759 -0.9998 -0.0123 0.0122
-9.8723 3e-06 0.0759 -0.9998 -0.0123 0.0122
-9.8723 3e-06 0.0759 -0.9998 -0.0123 0.0122
-9.8723 3e-06 0.0759 -0.9998 -0.0123 0.0122
-9.8723 3e-06 0.0759 -0.9998 -0.0123 0.0122
-9.8723 3e-06 0.0759 -0.9998 -0.0123 0.0122
-9.8723 3e-06 0.0759 -0.9998 -0.0123 0.0122
-9.8723 3e-06 0.0759 -0.9998 -0.0123 0.0122
-9.8723 3e-06 0.0759 -0.9998 -0.0123 0.0122
-9.8723 3e-06 0.0759 -0.9998 -0.0123 0.0122
-9.8723 3e-06 0.0759 -0.9998 -0.0123 0.0122
-9.8723 3e-06 0.0759 -0.9998 -0.0123 0.0122
-9.8723 3e-06 0.0759 -0.9998 -0.0123 0.0122
-9.8723 3e-06 0.0759 -0.9998 -0.0123 0.0122
-9.8723 3e-06 0.0759 -0.9998 -0.0123 0.0122
-9.8723 3e-06 0.0759 -0.9998 -0.0123 0.0122
-9.8723 3e-06 0.0759 -0.9998 -0.0123 0.0122
-9.8723 3e-06 0.0759 -0.9998 -0.0123 0.0122
-9.8723 3e-06 0.0759 -0.9998 -0.0123 0.0122
-9.8723 3e-06 0.0759 -0.9998 -0.0123 0.0122
-9.8723 3e-06 0.0759 -0.9998 -0.0123 0.0122
-9.8723 3e-06 0.0759 -0.9998 -0.0123 0.0122
-9.8723 3e-06 0.0759 -0.9998 -0.0123 0.0122
-9.8723 3e-06 0.0759 -0.9998 -0.0123 0.0122
-9.8723 3e-06 0.0759 -0.9998 -0.0123 0.0122
-9.8723 3e-06 0.0759 -0.9998 -0.0123 0.0122
-9.8723 3e-06 0.0759 -0.9998 -0.0123 0.0122
-9.8723 3e-06 0.0759 -0.9998 -0.0123 0.0122
-9.8723 3e-06 0.0759 -0.9998 -0.0123 0.0122
-9.8723 3e-06 0.0759 -0.9998 -0.0123 0.0122
-9.8723 3e-06 0.0759 -0.9998 -0.0123 0.0122
-9.8723 3e-06 0.0759 -0.9998 -0.0123 0.0122
-9.8723 3e-06 0.0759 -0.9998 -0.0123 0.0122
-9.8723 3e-06 0.0759 -0.9998 -0.0123 0.0122
-9.8723 3e-06 0.0759 -0.9998 -0.0123 0.0122
-9.8723 3e-06 0.0759 -0.9998 -0.0123 0.0122
-9.8723 3e-06 0.0759 -0.9998 -0.0123 0.0122
-9.8723 3e-06 0.0759 -0.9998 -0.0123 0.0122
-9.8723 3e-06 0.0759 -0.9998 -0.0123 0.0122
-9.8723 3e-06 0.0759 -0.9998 -0.0123 0.0122
-9.8723 3e-06 0.0759 -0.9998 -0.0123 0.0122
-9.8723 3e-06 0.0759 -0.9998 -0.0123 0.0122
-9.8723 3e-06 0.0759 -0.9998 -0.0123 0.0122
-9.8723 3e-06 0.0759 -0.9998 -0.0123 0.0122
-9.8723 3e-06 0.0759 -0.9998 -0.0123 0.0122
-9.8723 3e-06 0.0759 -0.9998 -0.0123 0.0122
-9.8723 3e-06 0.0759 -0.9998 -0.0123 0.0122
-9.8723 3e-06 0.0759 -0.9998 -0.0123 0.0122
-9.8723 3e-06 0.0759 -0.9998 -0.0123 0.0122
-9.8723 3e-06 0.0759 -0.9998 -0.0123 0.0122
-9.8723 3e-06 0.0759 -0.9998 -0.0123 0.0122
-9.8723 3e-06 0.0759 -0.9998 -0.0123 0.0122
-9.8723 3e-06 0.0759 -0.9998 -0.0123 0.0122
-9.8723 3e-06 0.0759 -0.9998 -0.0123 0.0122
-9.8723 3e-06 0.0759 -0.9998 -0.0123 0.0122
-9.8723 3e-06 0.0759 -0.9998 -0.0123 0.0122
-9.8723 3e-06 0.0759 -0.9998 -0.0123 0.0122
-9.8723 3e-06 0.0759 -0.9998 -0.0123 0.0122
-9.8723 3e-06 0.0759 -0.9998 -0.0123 0.0122
-9.8723 3e-06 0.0759 -0.9998 -0.0123 0.0122
-9.8723 3e-06 0.0759 -0.9998 -0.0123 0.0122
-9.8723 3e-06 0.0759 -0.9998 -0.0123 0.0122
-9.8723 3e-06 0.0759 -0.9998 -0.0123 0.0122
-9.8723 3e-06 0.0759 -0.9998 -0.0123 0.0122
-9.8723 3e-06 0.0759 -0.9998 -0.0123 0.0122
-9.8723 3e-06 0.0759 -0.9998 -0.0123 0.0122
-9.8723 3e-06 0.0759 -0.9998 -0.0123 0.0122
-9.8723 3e-06 0.0759 -0.9998 -0.0123 0.0122
-9.8723 3e-06 0.0759 -0.9998 -0.0123 0.0122
-9.8723 3e-06 0.0759 -0.9998 -0.0123 0.0122
-9.8723 3e-06 0.0759 -0.9998 -0.0123 0.0122
-9.8723 3e-06 0.0759 -0.9998 -0.0123 0.0122
-9.8723 3e-06 0.0759 -0.9998 -0.0123 0.0122
-9.8723 3e-06 0.0759 -0.9998 -0.0123 0.0122
-9.8723 3e-06 0.0759 -0.9998 -0.0123 0.0122
-9.8723 3e-06 0.0759 -0.9998 -0.0123 0.0122
-9.8723 3e-06 0.0759 -0.9998 -0.0123 0.0122
End
-9.8723 3e-06 0.0759 -0.9998 -0.0123 0.0122
-9.8723 3e-06 0.0759 -0.9998 -0.0123 0.0122
-9.8723 3e-06 0.0759 -0.9998 -0.0123 0.0122
-9.8723 3e-06 0.0759 -0.9998 -0.0123 0.0122
-9.8723 3e-06 0.0759 -0.9998 -0.0123 0.0122
-9.8723 3e-06 0.0759 -0.9998 -0.0123 0.0122
-9.8723 3e-06 0.0759 -0.9998 -0.0123 0.0122
-9.8723 3e-06 0.0759 -0.9998 -0.0123 0.0122
-9.8723 3e-06 0.0759 -0.9998 -0.0123 0.0122
-9.8723 3e-06 0.0759 -0.9998 -0.0123 0.0122
-9.8723 3e-06 0.0759 -0.9998 -0.0123 0.0122
-9.8723 3e-06 0.0759 -0.9998 -0.0123 0.0122
-9.8723 3e-06 0.0759 -0.9998 -0.0123 0.0122
-9.8723 3e-06 0.0759 -0.9998 -0.0123 0.0122
-9.8723 3e-06 0.0759 -0.9998 -0.0123 0.0122
-9.8723 3e-06 0.0759 -0.9998 -0.0123 0.0122
-9.8723 3e-06 0.0759 -0.9998 -0.0123 0.0122
-9.8723 3e-06 0.0759 -0.9998 -0.0123 0.0122
-9.8723 3e-06 0.0759 -0.9998 -0.0123 0.0122
-9.8723 3e-06 0.0759 -0.9998 -0.0123 0.0122
-9.8723 3e-06 0.0759 -0.9998 -0.0123 0.0122
-9.8723 3e-06 0.0759 -0.9998 -0.0123 0.0122
-9.8723 3e-06 0.0759 -0.9998 -0.0123 0.0122
-9.8723 3e-06 0.0759 -0.9998 -0.0123 0.0122
-9.8723 3e-06 0.0759 -0.9998 -0.0123 0.0122
-9.8723 3e-06 0.0759 -0.9998 -0.0123 0.0122
-9.8723 3e-06 0.0759 -0.9998 -0.0123 0.0122
-9.8723 3e-06 0.0759 -0.9998 -0.0123 0.0122
-9.8723 3e-06 0.0759 -0.9998 -0.0123 0.0122
-9.8723 3e-06 0.0759 -0.9998 -0.0123 0.0122
-9.8723 3e-06 0.0759 -0.9998 -0.0123 0.0122
-9.8723 3e-06 0.0759 -0.9998 -0.0123 0.0122
-9.8723 3e-06 0.0759 -0.9998 -0.0123 0.0122
-9.8723 3e-06 0.0759 -0.9998 -0.0123 0.0122
-9.8723 3e-06 0.0759 -0.9998 -0.0123 0.0122
-9.8723 3e-06 0.0759 -0.9998 -0.0123 0.0122
-9.8723 3e-06 0.0759 -0.9998 -0.0123 0.0122
-9.8723 3e-06 0.0759 -0.9998 -0.0123 0.0122
-9.8723 3e-06 0.0759 -0.9998 -0.0123 0.0122
-9.8723 3e-06 0.0759 -0.9998 -0.0123 0.0122
-9.8723 3e-06 0.0759 -0.9998 -0.0123 0.0122
-9.8723 3e-06 0.0759 -0.9998 -0.0123 0.0122
-9.8723 3e-06 0.0759 -0.9998 -0.0123 0.0122
-9.8723 3e-06 0.0759 -0.9998 -0.0123 0.0122
-9.8723 3e-06 0.0759 -0.9998 -0.0123 0.0122
-9.8723 3e-06 0.0759 -0.9998 -0.0123 0.0122
-9.8723 3e-06 0.0759 -0.9998 -0.0123 0.0122
-9.8723 3e-06 0.0759 -0.9998 -0.0123 0.0122
-9.8723 3e-06 0.0759 -0.9998 -0.0123 0.0122
-9.8723 3e-06 0.0759 -0.9998 -0.0123 0.0122
-9.8723 3e-06 0.0759 -0.9998 -0.0123 0.0122
-9.8723 3e-06 0.0759 -0.9998 -0.0123 0.0122
-9.8723 3e-06 0.0759 -0.9998 -0.0123 0.0122
-9.8723 3e-06 0.0759 -0.9998 -0.0123 0.0122
-9.8723 3e-06 0.0759 -0.9998 -0.0123 0.0122
-9.8723 3e-06 0.0759 -0.9998 -0.0123 0.0122
-9.8723 3e-06 0.0759 -0.9998 -0.0123 0.0122
-9.8723 3e-06 0.0759 -0.9998 -0.0123 0.0122
-9.8723 3e-06 0.0759 -0.9998 -0.0123 0.0122
-9.8723 3e-06 0.0759 -0.9998 -0.0123 0.0122
-9.8723 3e-06 0.0759 -0.9998 -0.0123 0.0122
-9.8723 3e-06 0.0759 -0.9998 -0.0123 0.0122
-9.8723 3e-06 0.0759 -0.9998 -0.0123 0.0122
-9.8723 3e-06 0.0759 -0.9998 -0.0123 0.0122
-9.8723 3e-06 0.0759 -0.9998 -0.0123 0.0122
-9.8723 3e-06 0.0759 -0.9998 -0.0123 0.0122
-9.8723 3e-06 0.0759 -0.9998 -0.0123 0.0122
-9.8723 3e-06 0.0759 -0.9998 -0.0123 0.0122
-9.8723 3e-06 0.0759 -0.9998 -0.0123 0.0122
-9.8723 3e-06 0.0759 -0.9998 -0.0123 0.0122
-9.8723 3e-06 0.0759 -0.9998 -0.0123 0.0122
-9.8723 3e-06 0.0759 -0.9998 -0.0123 0.0122
-9.8723 3e-06 0.0759 -0.9998 -0.0123 0.0122
-9.8723 3e-06 0.0759 -0.9998 -0.0123 0.0122
-9.8723 3e-06 0.0759 -0.9998 -0.0123 0.0122
-9.8723 3e-06 0.0759 -0.9998 -0.0123 0.0122
-9.8723 3e-06 0.0759 -0.9998 -0.0123 0.0122
-9.8723 3e-06 0.0759 -0.9998 -0.0123 0.0122
-9.8723 3e-06 0.0759 -0.9998 -0.0123 0.0122
-9.8723 3e-06 0.0759 -0.9998 -0.0123 0.0122
-9.8723 3e-06 0.0759 -0.9998 -0.0123 0.0122
-9.8723 3e-06 0.0759 -0.9998 -0.0123 0.0122
-9.8723 3e-06 0.0759 -0.9998 -0.0123 0.0122
-9.8723 3e-06 0.0759 -0.9998 -0.0123 0.0122
-9.8723 3e-06 0.0759 -0.9998 -0.0123 0.0122
-9.8723 3e-06 0.0759 -0.9998 -0.0123 0.0122
-9.8723 3e-06 0.0759 -0.9998 -0.0123 0.0122
-9.8723 3e-06 0.0759 -0.9998 -0.0123 0.0122
-9.8723 3e-06 0.0759 -0.9998 -0.0123 0.0122
-9.8723 3e-06 0.0759 -0.9998 -0.0123 0.0122
-9.8723 3e-06 0.0759 -0.9998 -0.0123 0.0122
-9.8723 3e-06 0.0759 -0.9998 -0.0123 0.0122
-9.8723 3e-06 0.0759 -0.9998 -0.0123 0.0122
-9.8723 3e-06 0.0759 -0.9998 -0.0123 0.0122
-9.8723 3e-06 0.0759 -0.9998 -0.0123 0.0122
-9.8723 3e-06 0.0759 -0.9998 -0.0123 0.0122
-9.8723 3e-06 0.0759 -0.9998 -0.0123 0.0122
-9.8723 3e-06 0.0759 -0.9998 -0.0123 0.0122
-9.8723 3e-06 0.0759 -0.9998 -0.0123 0.0122
-9.8723 3e-06 0.0759 -0.9998 -0.0123 0.0122
-9.8723 3e-06 0.0759 -0.9998 -0.0123 0.0122
End
-9.8723 3e-06 0.0759 -0.9998 -0.0123 0.0122
-9.8723 3e-06 0.0759 -0.9998 -0.0123 0.0122
-9.8723 3e-06 0.0759 -0.9998 -0.0123 0.0122
-9.8723 3e-06 0.0759 -0.9998 -0.0123 0.0122
-9.8723 3e-06 0.0759 -0.9998 -0.0123 0.0122
-9.8723 3e-06 0.0759 -0.9998 -0.0123 0.0122
-9.8723 3e-06 0.0759 -0.9998 -0.0123 0.0122
-9.8723 3e-06 0.0759 -0.9998 -0.0123 0.0122
-9.8723 3e-06 0.0759 -0.9998 -0.0123 0.0122
-9.8723 3e-06 0.0759 -0.9998 -0.0123 0.0122
-9.8723 3e-06 0.0759 -0.9998 -0.0123 0.0122
-9.8723 3e-06 0.0759 -0.9998 -0.0123 0.0122
-9.8723 3e-06 0.0759 -0.9998 -0.0123 0.0122
-9.8723 3e-06 0.0759 -0.9998 -0.0123 0.0122
-9.8723 3e-06 0.0759 -0.9998 -0.0123 0.0122
-9.8723 3e-06 0.0759 -0.9998 -0.0123 0.0122
-9.8723 3e-06 0.0759 -0.9998 -0.0123 0.0122
-9.8723 3e-06 0.0759 -0.9998 -0.0123 0.0122
-9.8723 3e-06 0.0759 -0.9998 -0.0123 0.0122
-9.8723 3e-06 0.0759 -0.9998 -0.0123 0.0122
-9.8723 3e-06 0.0759 -0.9998 -0.0123 0.0122
-9.8723 3e-06 0.0759 -0.9998 -0.0123 0.0122
-9.8723 3e-06 0.0759 -0.9998 -0.0123 0.0122
-9.8723 3e-06 0.0759 -0.9998 -0.0123 0.0122
-9.8723 3e-06 0.0759 -0.9998 -0.0123 0.0122
-9.8723 3e-06 0.0759 -0.9998 -0.0123 0.0122
-9.8723 3e-06 0.0759 -0.9998 -0.0123 0.0122
-9.8723 3e-06 0.0759 -0.9998 -0.0123 0.0122
-9.8723 3e-06 0.0759 -0.9998 -0.0123 0.0122
-9.8723 3e-06 0.0759 -0.9998 -0.0123 0.0122
-9.8723 3e-06 0.0759 -0.9998 -0.0123 0.0122
-9.8723 3e-06 0.0759 -0.9998 -0.0123 0.0122
-9.8723 3e-06 0.0759 -0.9998 -0.0123 0.0122
-9.8723 3e-06 0.0759 -0.9998 -0.0123 0.0122
-9.8723 3e-06 0.0759 -0.9998 -0.0123 0.0122
-9.8723 3e-06 0.0759 -0.9998 -0.0123 0.0122
-9.8723 3e-06 0.0759 -0.9998 -0.0123 0.0122
-9.8723 3e-06 0.0759 -0.9998 -0.0123 0.0122
-9.8723 3e-06 0.0759 -0.9998 -0.0123 0.0122
-9.8723 3e-06 0.0759 -0.9998 -0.0123 0.0122
-9.8723 3e-06 0.0759 -0.9998 -0.0123 0.0122
-9.8723 3e-06 0.0759 -0.9998 -0.0123 0.0122
-9.8723 3e-06 0.0759 -0.9998 -0.0123 0.0122
-9.8723 3e-06 0.0759 -0.9998 -0.0123 0.0122
-9.8723 3e-06 0.0759 -0.9998 -0.0123 0.0122
-9.8723 3e-06 0.0759 -0.9998 -0.0123 0.0122
-9.8723 3e-06 0.0759 -0.9998 -0.0123 0.0122
-9.8723 3e-06 0.0759 -0.9998 -0.0123 0.0122
-9.8723 3e-06 0.0759 -0.9998 -0.0123 0.0122
-9.8723 3e-06 0.0759 -0.9998 -0.0123 0.0122
-9.8723 3e-06 0.0759 -0.9998 -0.0123 0.0122
-9.8723 3e-06 0.0759 -0.9998 -0.0123 0.0122
-9.8723 3e-06 0.0759 -0.9998 -0.0123 0.0122
-9.8723 3e-06 0.0759 -0.9998 -0.0123 0.0122
-9.8723 3e-06 0.0759 -0.9998 -0.0123 0.0122
-9.8723 3e-06 0.0759 -0.9998 -0.0123 0.0122
-9.8723 3e-06 0.0759 -0.9998 -0.0123 0.0122
-9.8723 3e-06 0.0759 -0.9998 -0.0123 0.0122
-9.8723 3e-06 0.0759 -0.9998 -0.0123 0.0122
-9.8723 3e-06 0.0759 -0.9998 -0.0123 0.0122
-9.8723 3e-06 0.0759 -0.9998 -0.0123 0.0122
-9.8723 3e-06 0.0759 -0.9998 -0.0123 0.0122
-9.8723 3e-06 0.0759 -0.9998 -0.0123 0.0122
-9.8723 3e-06 0.0759 -0.9998 -0.0123 0.0122
-9.8723 3e-06 0.0759 -0.9998 -0.0123 0.0122
-9.8723 3e-06 0.0759 -0.9998 -0.0123 0.0122
-9.8723 3e-06 0.0759 -0.9998 -0.0123 0.0122
-9.8723 3e-06 0.0759 -0.9998 -0.0123 0.0122
-9.8723 3e-06 0.0759 -0.9998 -0.0123 0.0122
-9.8723 3e-06 0.0759 -0.9998 -0.0123 0.0122
-9.8723 3e-06 0.0759 -0.9998 -0.0123 0.0122
-9.8723 3e-06 0.0759 -0.9998 -0.0123 0.0122
-9.8723 3e-06 0.0759 -0.9998 -0.0123 0.0122
-9.8723 3e-06 0.0759 -0.9998 -0.0123 0.0122
-9.8723 3e-06 0.0759 -0.9998 -0.0123 0.0122
-9.8723 3e-06 0.0759 -0.9998 -0.0123 0.0122
-9.8723 3e-06 0.0759 -0.9998 -0.0123 0.0122
-9.8723 3e-06 0.0759 -0.9998 -0.0123 0.0122
-9.8723 3e-06 0.0759 -0.9998 -0.0123 0.0122
-9.8723 3e-06 0.0759 -0.9998 -0.0123 0.0122
-9.8723 3e-06 0.0759 -0.9998 -0.0123 0.0122
-9.8723 3e-06 0.0759 -0.9998 -0.0123 0.0122
-9.8723 3e-06 0.0759 -0.9998 -0.0123 0.0122
-9.8723 3e-06 0.0759 -0.9998 -0.0123 0.0122
-9.8723 3e-06 0.0759 -0.9998 -0.0123 0.0122
-9.8723 3e-06 0.0759 -0.9998 -0.0123 0.0122
-9.8723 3e-06 0.0759 -0.9998 -0.0123 0.0122
-9.8723 3e-06 0.0759 -0.9998 -0.0123 0.0122
-9.8723 3e-06 0.0759 -0.9998 -0.0123 0.0122
-9.8723 3e-06 0.0759 -0.9998 -0.0123 0.0122
-9.8723 3e-06 0.0759 -0.9998 -0.0123 0.0122
-9.8723 3e-06 0.0759 -0.9998 -0.0123 0.0122
-9.8723 3e-06 0.0759 -0.9998 -0.0123 0.0122
-9.8723 3e-06 0.0759 -0.9998 -0.0123 0.0122
-9.8723 3e-06 0.0759 -0.9998 -0.0123 0.0122
-9.8723 3e-06 0.0759 -0.9998 -0.0123 0.0122
-9.8723 3e-06 0.0759 -0.9998 -0.0123 0.0122
-9.8723 3e-06 0.0759 -0.9998 -0.0123 0.0122
-9.8723 3e-06 0.0759 -0.9998 -0.0123 0.0122
-9.8723 3e-06 0.0759 -0.9998 -0.0123 0.0122
-9.8723 3e-06 0.0759 -0.9998 -0.0123 0.0122
End
-9.86932 0.242278 0.0759 -0.9998 0.0123 0.0122
-9.86932 0.242278 0.0759 -0.9998 0.0123 0.0122
-9.86932 0.242278 0.0759 -0.9998 0.0123 0.0122
-9.86932 0.242278 0.0759 -0.9998 0.0123 0.0122
-9.86932 0.242278 0.0759 -0.9998 0.0123 0.0122
-9.86932 0.242278 0.0759 -0.9998 0.0123 0.0122
-9.86932 0.242278 0.0759 -0.9998 0.0123 0.0122
-9.86932 0.242278 0.0759 -0.9998 0.0123 0.0122
-9.86932 0.242278 0.0759 -0.9998 0.0123 0.0122
-9.86932 0.242278 0.0759 -0.9998 0.0123 0.0122
-9.86932 0.242278 0.0759 -0.9998 0.0123 0.0122
-9.86932 0.242278 0.0759 -0.9998 0.0123 0.0122
-9.86932 0.242278 0.0759 -0.9998 0.0123 0.0122
-9.86932 0.242278 0.0759 -0.9998 0.0123 0.0122
-9.86932 0.242278 0.0759 -0.9998 0.0123 0.0122
-9.86932 0.242278 0.0759 -0.9998 0.0123 0.0122
-9.86932 0.242278 0.0759 -0.9998 0.0123 0.0122
-9.86932 0.242278 0.0759 -0.9998 0.0123 0.0122
-9.86932 0.242278 0.0759 -0.9998 0.0123 0.0122
-9.86932 0.242278 0.0759 -0.9998 0.0123 0.0122
-9.86932 0.242278 0.0759 -0.9998 0.0123 0.0122
-9.86932 0.242278 0.0759 -0.9998 0.0123 0.0122
-9.86932 0.242278 0.0759 -0.9998 0.0123 0.0122
-9.86932 0.242278 0.0759 -0.9998 0.0123 0.0122
-9.86932 0.242278 0.0759 -0.9998 0.0123 0.0122
-9.86932 0.242278 0.0759 -0.9998 0.0123 0.0122
-9.86932 0.242278 0.0759 -0.9998 0.0123 0.0122
-9.86932 0.242278 0.0759 -0.9998 0.0123 0.0122
-9.86932 0.242278 0.0759 -0.9998 0.0123 0.0122
-9.86932 0.242278 0.0759 -0.9998 0.0123 0.0122
-9.86932 0.242278 0.0759 -0.9998 0.0123 0.0122
-9.86932 0.242278 0.0759 -0.9998 0.0123 0.0122
-9.86932 0.242278 0.0759 -0.9998 0.0123 0.0122
-9.86932 0.242278 0.0759 -0.9998 0.0123 0.0122
-9.86932 0.242278 0.0759 -0.9998 0.0123 0.0122
-9.86932 0.242278 0.0759 -0.9998 0.0123 0.0122
-9.86932 0.242278 0.0759 -0.9998 0.0123 0.0122
-9.86932 0.242278 0.0759 -0.9998 0.0123 0.0122
-9.86932 0.242278 0.0759 -0.9998 0.0123 0.0122
-9.86932 0.242278 0.0759 -0.9998 0.0123 0.0122
-9.86932 0.242278 0.0759 -0.9998 0.0123 0.0122
-9.86932 0.242278 0.0759 -0.9998 0.0123 0.0122
-9.86932 0.242278 0.0759 -0.9998 0.0123 0.0122
-9.86932 0.242278 0.0759 -0.9998 0.0123 0.0122
-9.86932 0.242278 0.0759 -0.9998 0.0123 0.0122
-9.86932 0.242278 0.0759 -0.9998 0.0123 0.0122
-9.86932 0.242278 0.0759 -0.9998 0.0123 0.0122
-9.86932 0.242278 0.0759 -0.9998 0.0123 0.0122
-9.86932 0.242278 0.0759 -0.9998 0.0123 0.0122
-9.86932 0.242278 0.0759 -0.9998 0.0123 0.0122
-9.86932 0.242278 0.0759 -0.9998 0.0123 0.0122
-9.86932 0.242278 0.0759 -0.9998 0.0123 0.0122
-9.86932 0.242278 0.0759 -0.9998 0.0123 0.0122
-9.86932 0.242278 0.0759 -0.9998 0.0123 0.0122
-9.86932 0.242278 0.0759 -0.9998 0.0123 0.0122
-9.86932 0.242278 0.0759 -0.9998 0.0123 0.0122
-9.86932 0.242278 0.0759 -0.9998 0.0123 0.0122
-9.86932 0.242278 0.0759 -0.9998 0.0123 0.0122
-9.86932 0.242278 0.0759 -0.9998 0.0123 0.0122
-9.86932 0.242278 0.0759 -0.9998 0.0123 0.0122
-9.86932 0.242278 0.0759 -0.9998 0.0123 0.0122
-9.86932 0.242278 0.0759 -0.9998 0.0123 0.0122
-9.86932 0.242278 0.0759 -0.9998 0.0123 0.0122
-9.86932 0.242278 0.0759 -0.9998 0.0123 0.0122
-9.86932 0.242278 0.0759 -0.9998 0.0123 0.0122
-9.86932 0.242278 0.0759 -0.9998 0.0123 0.0122
-9.86932 0.242278 0.0759 -0.9998 0.0123 0.0122
-9.86932 0.242278 0.0759 -0.9998 0.0123 0.0122
-9.86932 0.242278 0.0759 -0.9998 0.0123 0.0122
-9.86932 0.242278 0.0759 -0.9998 0.0123 0.0122
-9.86932 0.242278 0.0759 -0.9998 0.0123 0.0122
-9.86932 0.242278 0.0759 -0.9998 0.0123 0.0122
-9.86932 0.242278 0.0759 -0.9998 0.0123 0.0122
-9.86932 0.242278 0.0759 -0.9998 0.0123 0.0122
-9.86932 0.242278 0.0759 -0.9998 0.0123 0.0122
-9.86932 0.242278 0.0759 -0.9998 0.0123 0.0122
-9.86932 0.242278 0.0759 -0.9998 0.0123 0.0122
-9.86932 0.242278 0.0759 -0.9998 0.0123 0.0122
-9.86932 0.242278 0.0759 -0.9998 0.0123 0.0122
-9.86932 0.242278 0.0759 -0.9998 0.0123 0.0122
-9.86932 0.242278 0.0759 -0.9998 0.0123 0.0122
-9.86932 0.242278 0.0759 -0.9998 0.0123 0.0122
-9.86932 0.242278 0.0759 -0.9998 0.0123 0.0122
-9.86932 0.242278 0.0759 -0.9998 0.0123 0.0122
-9.86932 0.242278 0.0759 -0.9998 0.0123 0.0122
-9.86932 0.242278 0.0759 -0.9998 0.0123 0.0122
-9.86932 0.242278 0.0759 -0.9998 0.0123 0.0122
-9.86932 0.242278 0.0759 -0.9998 0.0123 0.0122
-9.86932 0.242278 0.0759 -0.9998 0.0123 0.0122
-9.86932 0.242278 0.0759 -0.9998 0.0123 0.0122
-9.86932 0.242278 0.0759 -0.9998 0.0123 0.0122
-9.86932 0.242278 0.0759 -0.9998 0.0123 0.0122
-9.86932 0.242278 0.0759 -0.9998 0.0123 0.0122
-9.86932 0.242278 0.0759 -0.9998 0.0123 0.0122
-9.86932 0.242278 0.0759 -0.9998 0.0123 0.0122
-9.86932 0.242278 0.0759 -0.9998 0.0123 0.0122
-9.86932 0.242278 0.0759 -0.9998 0.0123 0.0122
-9.86932 0.242278 0.0759 -0.9998 0.0123 0.0122
-9.86932 0.242278 0.0759 -0.9998 0.0123 0.0122
-9.86932 0.242278 0.0759 -0.9998 0.0123 0.0122
-9.86932 0.242278 0.0759 -0.9998 0.0123 0.0122
End
-9.86932 0.242278 0.0759 -0.9998 0.0123 0.0122
-9.86932 0.242278 0.0759 -0.9998 0.0123 0.0122
-9.86932 0.242278 0.0759 -0.9998 0.0123 0.0122
-9.86932 0.242278 0.0759 -0.9998 0.0123 0.0122
-9.86932 0.242278 0.0759 -0.9998 0.0123 0.0122
-9.86932 0.242278 0.0759 -0.9998 0.0123 0.0122
-9.86932 0.242278 0.0759 -0.9998 0.0123 0.0122
-9.86932 0.242278 0.0759 -0.9998 0.0123 0.0122
-9.86932 0.242278 0.0759 -0.9998 0.0123 0.0122
-9.86932 0.242278 0.0759 -0.9998 0.0123 0.0122
-9.86932 0.242278 0.0759 -0.9998 0.0123 0.0122
-9.86932 0.242278 0.0759 -0.9998 0.0123 0.0122
-9.86932 0.242278 0.0759 -0.9998 0.0123 0.0122
-9.86932 0.242278 0.0759 -0.9998 0.0123 0.0122
-9.86932 0.242278 0.0759 -0.9998 0.0123 0.0122
-9.86932 0.242278 0.0759 -0.9998 0.0123 0.0122
-9.86932 0.242278 0.0759 -0.9998 0.0123 0.0122
-9.86932 0.242278 0.0759 -0.9998 0.0123 0.0122
-9.86932 0.242278 0.0759 -0.9998 0.0123 0.0122
-9.86932 0.242278 0.0759 -0.9998 0.0123 0.0122
-9.86932 0.242278 0.0759 -0.9998 0.0123 0.0122
-9.86932 0.242278 0.0759 -0.9998 0.0123 0.0122
-9.86932 0.242278 0.0759 -0.9998 0.0123 0.0122
-9.86932 0.242278 0.0759 -0.9998 0.0123 0.0122
-9.86932 0.242278 0.0759 -0.9998 0.0123 0.0122
-9.86932 0.242278 0.0759 -0.9998 0.0123 0.0122
-9.86932 0.242278 0.0759 -0.9998 0.0123 0.0122
-9.86932 0.242278 0.0759 -0.9998 0.0123 0.0122
-9.86932 0.242278 0.0759 -0.9998 0.0123 0.0122
-9.86932 0.242278 0.0759 -0.9998 0.0123 0.0122
-9.86932 0.242278 0.0759 -0.9998 0.0123 0.0122
-9.86932 0.242278 0.0759 -0.9998 0.0123 0.0122
-9.86932 0.242278 0.0759 -0.9998 0.0123 0.0122
-9.86932 0.242278 0.0759 -0.9998 0.0123 0.0122
-9.86932 0.242278 0.0759 -0.9998 0.0123 0.0122
-9.86932 0.242278 0.0759 -0.9998 0.0123 0.0122
-9.86932 0.242278 0.0759 -0.9998 0.0123 0.0122
-9.86932 0.242278 0.0759 -0.9998 0.0123 0.0122
-9.86932 0.242278 0.0759 -0.9998 0.0123 0.0122
-9.86932 0.242278 0.0759 -0.9998 0.0123 0.0122
-9.86932 0.242278 0.0759 -0.9998 0.0123 0.0122
-9.86932 0.242278 0.0759 -0.9998 0.0123 0.0122
-9.86932 0.242278 0.0759 -0.9998 0.0123 0.0122
-9.86932 0.242278 0.0759 -0.9998 0.0123 0.0122
-9.86932 0.242278 0.0759 -0.9998 0.0123 0.0122
-9.86932 0.242278 0.0759 -0.9998 0.0123 0.0122
-9.86932 0.242278 0.0759 -0.9998 0.0123 0.0122
-9.86932 0.242278 0.0759 -0.9998 0.0123 0.0122
-9.86932 0.242278 0.0759 -0.9998 0.0123 0.0122
-9.86932 0.242278 0.0759 -0.9998 0.0123 0.0122
-9.86932 0.242278 0.0759 -0.9998 0.0123 0.0122
-9.86932 0.242278 0.0759 -0.9998 0.0123 0.0122
-9.86932 0.242278 0.0759 -0.9998 0.0123 0.0122
-9.86932 0.242278 0.0759 -0.9998 0.0123 0.0122
-9.86932 0.242278 0.0759 -0.9998 0.0123 0.0122
-9.86932 0.242278 0.0759 -0.9998 0.0123 0.0122
-9.86932 0.242278 0.0759 -0.9998 0.0123 0.0122
-9.86932 0.242278 0.0759 -0.9998 0.0123 0.0122
-9.86932 0.242278 0.0759 -0.9998 0.0123 0.0122
-9.86932 0.242278 0.0759 -0.9998 0.0123 0.0122
-9.86932 0.242278 0.0759 -0.9998 0.0123 0.0122
-9.86932 0.242278 0.0759 -0.9998 0.0123 0.0122
-9.86932 0.242278 0.0759 -0.9998 0.0123 0.0122
-9.86932 0.242278 0.0759 -0.9998 0.0123 0.0122
-9.86932 0.242278 0.0759 -0.9998 0.0123 0.0122
-9.86932 0.242278 0.0759 -0.9998 0.0123 0.0122
-9.86932 0.242278 0.0759 -0.9998 0.0123 0.0122
-9.86932 0.242278 0.0759 -0.9998 0.0123 0.0122
-9.86932 0.242278 0.0759 -0.9998 0.0123 0.0122
-9.86932 0.242278 0.0759 -0.9998 0.0123 0.0122
-9.86932 0.242278 0.0759 -0.9998 0.0123 0.0122
-9.86932 0.242278 0.0759 -0.9998 0.0123 0.0122
-9.86932 0.242278 0.0759 -0.9998 0.0123 0.0122
-9.86932 0.242278 0.0759 -0.9998 0.0123 0.0122
-9.86932 0.242278 0.0759 -0.9998 0.0123 0.0122
-9.86932 0.242278 0.0759 -0.9998 0.0123 0.0122
-9.86932 0.242278 0.0759 -0.9998 0.0123 0.0122
-9.86932 0.242278 0.0759 -0.9998 0.0123 0.0122
-9.86932 0.242278 0.0759 -0.9998 0.0123 0.0122
-9.86932 0.242278 0.0759 -0.9998 0.0123 0.0122
-9.86932 0.242278 0.0759 -0.9998 0.0123 0.0122
-9.86932 0.242278 0.0759 -0.9998 0.0123 0.0122
-9.86932 0.242278 0.0759 -0.9998 0.0123 0.0122
-9.86932 0.242278 0.0759 -0.9998 0.0123 0.0122
-9.86932 0.242278 0.0759 -0.9998 0.0123 0.0122
-9.86932 0.242278 0.0759 -0.9998 0.0123 0.0122
-9.86932 0.242278 0.0759 -0.9998 0.0123 0.0122
-9.86932 0.242278 0.0759 -0.9998 0.0123 0.0122
-9.86932 0.242278 0.0759 -0.9998 0.0123 0.0122
-9.86932 0.242278 0.0759 -0.9998 0.0123 0.0122
-9.86932 0.242278 0.0759 -0.9998 0.0123 0.0122
-9.86932 0.242278 0.0759 -0.9998 0.0123 0.0122
-9.86932 0.242278 0.0759 -0.9998 0.0123 0.0122
-9.86932 0.242278 0.0759 -0.9998 0.0123 0.0122
-9.86932 0.242278 0.0759 -0.9998 0.0123 0.0122
-9.86932 0.242278 0.0759 -0.9998 0.0123 0.0122
-9.86932 0.242278 0.0759 -0.9998 0.0123 0.0122
-9.86932 0.242278 0.0759 -0.9998 0.0123 0.0122
-9.86932 0.242278 0.0759 -0.9998 0.0123 0.0122
-9.86932 0.242278 0.0759 -0.9998 0.0123 0.0122
-9.86932 0.242278 0.0759 -0.9998 0.0123 0.0122
End
-9.86932 0.242278 0.0759 -0.9998 0.0123 0.0122
-9.86932 0.242278 0.0759 -0.9998 0.0123 0.0122
-9.86932 0.242278 0.0759 -0.9998 0.0123 0.0122
-9.86932 0.242278 0.0759 -0.9998 0.0123 0.0122
-9.86932 0.242278 0.0759 -0.9998 0.0123 0.0122
-9.86932 0.242278 0.0759 -0.9998 0.0123 0.0122
-9.86932 0.242278 0.0759 -0.9998 0.0123 0.0122
-9.86932 0.242278 0.0759 -0.9998 0.0123 0.0122
-9.86932 0.242278 0.0759 -0.9998 0.0123 0.0122
-9.86932 0.242278 0.0759 -0.9998 0.0123 0.0122
-9.86932 0.242278 0.0759 -0.9998 0.0123 0.0122
-9.86932 0.242278 0.0759 -0.9998 0.0123 0.0122
-9.86932 0.242278 0.0759 -0.9998 0.0123 0.0122
-9.86932 0.242278 0.0759 -0.9998 0.0123 0.0122
-9.86932 0.242278 0.0759 -0.9998 0.0123 0.0122
-9.86932 0.242278 0.0759 -0.9998 0.0123 0.0122
-9.86932 0.242278 0.0759 -0.9998 0.0123 0.0122
-9.86932 0.242278 0.0759 -0.9998 0.0123 0.0122
-9.86932 0.242278 0.0759 -0.9998 0.0123 0.0122
-9.86932 0.242278 0.0759 -0.9998 0.0123 0.0122
-9.86932 0.242278 0.0759 -0.9998 0.0123 0.0122
-9.86932 0.242278 0.0759 -0.9998 0.0123 0.0122
-9.86932 0.242278 0.0759 -0.9998 0.0123 0.0122
-9.86932 0.242278 0.0759 -0.9998 0.0123 0.0122
-9.86932 0.242278 0.0759 -0.9998 0.0123 0.0122
-9.86932 0.242278 0.0759 -0.9998 0.0123 0.0122
-9.86932 0.242278 0.0759 -0.9998 0.0123 0.0122
-9.86932 0.242278 0.0759 -0.9998 0.0123 0.0122
-9.86932 0.242278 0.0759 -0.9998 0.0123 0.0122
-9.86932 0.242278 0.0759 -0.9998 0.0123 0.0122
-9.86932 0.242278 0.0759 -0.9998 0.0123 0.0122
-9.86932 0.242278 0.0759 -0.9998 0.0123 0.0122
-9.86932 0.242278 0.0759 -0.9998 0.0123 0.0122
-9.86932 0.242278 0.0759 -0.9998 0.0123 0.0122
-9.86932 0.242278 0.0759 -0.9998 0.0123 0.0122
-9.86932 0.242278 0.0759 -0.9998 0.0123 0.0122
-9.86932 0.242278 0.0759 -0.9998 0.0123 0.0122
-9.86932 0.242278 0.0759 -0.9998 0.0123 0.0122
-9.86932 0.242278 0.0759 -0.9998 0.0123 0.0122
-9.86932 0.242278 0.0759 -0.9998 0.0123 0.0122
-9.86932 0.242278 0.0759 -0.9998 0.0123 0.0122
-9.86932 0.242278 0.0759 -0.9998 0.0123 0.0122
-9.86932 0.242278 0.0759 -0.9998 0.0123 0.0122
-9.86932 0.242278 0.0759 -0.9998 0.0123 0.0122
-9.86932 0.242278 0.0759 -0.9998 0.0123 0.0122
-9.86932 0.242278 0.0759 -0.9998 0.0123 0.0122
-9.86932 0.242278 0.0759 -0.9998 0.0123 0.0122
-9.86932 0.242278 0.0759 -0.9998 0.0123 0.0122
-9.86932 0.242278 0.0759 -0.9998 0.0123 0.0122
-9.86932 0.242278 0.0759 -0.9998 0.0123 0.0122
-9.86932 0.242278 0.0759 -0.9998 0.0123 0.0122
-9.86932 0.242278 0.0759 -0.9998 0.0123 0.0122
-9.86932 0.242278 0.0759 -0.9998 0.0123 0.0122
-9.86932 0.242278 0.0759 -0.9998 0.0123 0.0122
-9.86932 0.242278 0.0759 -0.9998 0.0123 0.0122
-9.86932 0.242278 0.0759 -0.9998 0.0123 0.0122
-9.86932 0.242278 0.0759 -0.9998 0.0123 0.0122
-9.86932 0.242278 0.0759 -0.9998 0.0123 0.0122
-9.86932 0.242278 0.0759 -0.9998 0.0123 0.0122
-9.86932 0.242278 0.0759 -0.9998 0.0123 0.0122
-9.86932 0.242278 0.0759 -0.9998 0.0123 0.0122
-9.86932 0.242278 0.0759 -0.9998 0.0123 0.0122
-9.86932 0.242278 0.0759 -0.9998 0.0123 0.0122
-9.86932 0.242278 0.0759 -0.9998 0.0123 0.0122
-9.86932 0.242278 0.0759 -0.9998 0.0123 0.0122
-9.86932 0.242278 0.0759 -0.9998 0.0123 0.0122
-9.86932 0.242278 0.0759 -0.9998 0.0123 0.0122
-9.86932 0.242278 0.0759 -0.9998 0.0123 0.0122
-9.86932 0.242278 0.0759 -0.9998 0.0123 0.0122
-9.86932 0.242278 0.0759 -0.9998 0.0123 0.0122
-9.86932 0.242278 0.0759 -0.9998 0.0123 0.0122
-9.86932 0.242278 0.0759 -0.9998 0.0123 0.0122
-9.86932 0.242278 0.0759 -0.9998 0.0123 0.0122
-9.86932 0.242278 0.0759 -0.9998 0.0123 0.0122
-9.86932 0.242278 0.0759 -0.9998 0.0123 0.0122
-9.86932 0.242278 0.0759 -0.9998 0.0123 0.0122
-9.86932 0.242278 0.0759 -0.9998 0.0123 0.0122
-9.86932 0.242278 0.0759 -0.9998 0.0123 0.0122
-9.86932 0.242278 0.0759 -0.9998 0.0123 0.0122
-9.86932 0.242278 0.0759 -0.9998 0.0123 0.0122
-9.86932 0.242278 0.0759 -0.9998 0.0123 0.0122
-9.86932 0.242278 0.0759 -0.9998 0.0123 0.0122
-9.86932 0.242278 0.0759 -0.9998 0.0123 0.0122
-9.86932 0.242278 0.0759 -0.9998 0.0123 0.0122
-9.86932 0.242278 0.0759 -0.9998 0.0123 0.0122
-9.86932 0.242278 0.0759 -0.9998 0.0123 0.0122
-9.86932 0.242278 0.0759 -0.9998 0.0123 0.0122
-9.86932 0.242278 0.0759 -0.9998 0.0123 0.0122
-9.86932 0.242278 0.0759 -0.9998 0.0123 0.0122
-9.86932 0.242278 0.0759 -0.9998 0.0123 0.0122
-9.86932 0.242278 0.0759 -0.9998 0.0123 0.0122
-9.86932 0.242278 0.0759 -0.9998 0.0123 0.0122
-9.86932 0.242278 0.0759 -0.9998 0.0123 0.0122
-9.86932 0.242278 0.0759 -0.9998 0.0123 0.0122
-9.86932 0.242278 0.0759 -0.9998 0.0123 0.0122
-9.86932 0.242278 0.0759 -0.9998 0.0123 0.0122
-9.86932 0.242278 0.0759 -0.9998 0.0123 0.0122
-9.86932 0.242278 0.0759 -0.9998 0.0123 0.0122
-9.86932 0.242278 0.0759 -0.9998 0.0123 0.0122
-9.86932 0.242278 0.0759 -0.9998 0.0123 0.0122
-9.86932 0.242278 0.0759 -0.9998 0.0123 0.0122
End
-9.86932 0.242278 0.0759 -0.9998 0.0123 0.0122
-9.86932 0.242278 0.0759 -0.9998 0.0123 0.0122
-9.86932 0.242278 0.0759 -0.9998 0.0123 0.0122
-9.86932 0.242278 0.0759 -0.9998 0.0123 0.0122
-9.86932 0.242278 0.0759 -0.9998 0.0123 0.0122
-9.86932 0.242278 0.0759 -0.9998 0.0123 0.0122
-9.86932 0.242278 0.0759 -0.9998 0.0123 0.0122
-9.86932 0.242278 0.0759 -0.9998 0.0123 0.0122
-9.86932 0.242278 0.0759 -0.9998 0.0123 0.0122
-9.86932 0.242278 0.0759 -0.9998 0.0123 0.0122
-9.86932 0.242278 0.0759 -0.9998 0.0123 0.0122
-9.86932 0.242278 0.0759 -0.9998 0.0123 0.0122
-9.86932 0.242278 0.0759 -0.9998 0.0123 0.0122
-9.86932 0.242278 0.0759 -0.9998 0.0123 0.0122
-9.86932 0.242278 0.0759 -0.9998 0.0123 0.0122
-9.86932 0.242278 0.0759 -0.9998 0.0123 0.0122
-9.86932 0.242278 0.0759 -0.9998 0.0123 0.0122
-9.86932 0.242278 0.0759 -0.9998 0.0123 0.0122
-9.86932 0.242278 0.0759 -0.9998 0.0123 0.0122
-9.86932 0.242278 0.0759 -0.9998 0.0123 0.0122
-9.86932 0.242278 0.0759 -0.9998 0.0123 0.0122
-9.86932 0.242278 0.0759 -0.9998 0.0123 0.0122
-9.86932 0.242278 0.0759 -0.9998 0.0123 0.0122
-9.86932 0.242278 0.0759 -0.9998 0.0123 0.0122
-9.86932 0.242278 0.0759 -0.9998 0.0123 0.0122
-9.86932 0.242278 0.0759 -0.9998 0.0123 0.0122
-9.86932 0.242278 0.0759 -0.9998 0.0123 0.0122
-9.86932 0.242278 0.0759 -0.9998 0.0123 0.0122
-9.86932 0.242278 0.0759 -0.9998 0.0123 0.0122
-9.86932 0.242278 0.0759 -0.9998 0.0123 0.0122
-9.86932 0.242278 0.0759 -0.9998 0.0123 0.0122
-9.86932 0.242278 0.0759 -0.9998 0.0123 0.0122
-9.86932 0.242278 0.0759 -0.9998 0.0123 0.0122
-9.86932 0.242278 0.0759 -0.9998 0.0123 0.0122
-9.86932 0.242278 0.0759 -0.9998 0.0123 0.0122
-9.86932 0.242278 0.0759 -0.9998 0.0123 0.0122
-9.86932 0.242278 0.0759 -0.9998 0.0123 0.0122
-9.86932 0.242278 0.0759 -0.9998 0.0123 0.0122
-9.86932 0.242278 0.0759 -0.9998 0.0123 0.0122
-9.86932 0.242278 0.0759 -0.9998 0.0123 0.0122
-9.86932 0.242278 0.0759 -0.9998 0.0123 0.0122
-9.86932 0.242278 0.0759 -0.9998 0.0123 0.0122
-9.86932 0.242278 0.0759 -0.9998 0.0123 0.0122
-9.86932 0.242278 0.0759 -0.9998 0.0123 0.0122
-9.86932 0.242278 0.0759 -0.9998 0.0123 0.0122
-9.86932 0.242278 0.0759 -0.9998 0.0123 0.0122
-9.86932 0.242278 0.0759 -0.9998 0.0123 0.0122
-9.86932 0.242278 0.0759 -0.9998 0.0123 0.0122
-9.86932 0.242278 0.0759 -0.9998 0.0123 0.0122
-9.86932 0.242278 0.0759 -0.9998 0.0123 0.0122
-9.86932 0.242278 0.0759 -0.9998 0.0123 0.0122
-9.86932 0.242278 0.0759 -0.9998 0.0123 0.0122
-9.86932 0.242278 0.0759 -0.9998 0.0123 0.0122
-9.86932 0.242278 0.0759 -0.9998 0.0123 0.0122
-9.86932 0.242278 0.0759 -0.9998 0.0123 0.0122
-9.86932 0.242278 0.0759 -0.9998 0.0123 0.0122
-9.86932 0.242278 0.0759 -0.9998 0.0123 0.0122
-9.86932 0.242278 0.0759 -0.9998 0.0123 0.0122
-9.86932 0.242278 0.0759 -0.9998 0.0123 0.0122
-9.86932 0.242278 0.0759 -0.9998 0.0123 0.0122
-9.86932 0.242278 0.0759 -0.9998 0.0123 0.0122
-9.86932 0.242278 0.0759 -0.9998 0.0123 0.0122
-9.86932 0.242278 0.0759 -0.9998 0.0123 0.0122
-9.86932 0.242278 0.0759 -0.9998 0.0123 0.0122
-9.86932 0.242278 0.0759 -0.9998 0.0123 0.0122
-9.86932 0.242278 0.0759 -0.9998 0.0123 0.0122
-9.86932 0.242278 0.0759 -0.9998 0.0123 0.0122
-9.86932 0.242278 0.0759 -0.9998 0.0123 0.0122
-9.86932 0.242278 0.0759 -0.9998 0.0123 0.0122
-9.86932 0.242278 0.0759 -0.9998 0.0123 0.0122
-9.86932 0.242278 0.0759 -0.9998 0.0123 0.0122
-9.86932 0.242278 0.0759 -0.9998 0.0123 0.0122
-9.86932 0.242278 0.0759 -0.9998 0.0123 0.0122
-9.86932 0.242278 0.0759 -0.9998 0.0123 0.0122
-9.86932 0.242278 0.0759 -0.9998 0.0123 0.0122
-9.86932 0.242278 0.0759 -0.9998 0.0123 0.0122
-9.86932 0.242278 0.0759 -0.9998 0.0123 0.0122
-9.86932 0.242278 0.0759 -0.9998 0.0123 0.0122
-9.86932 0.242278 0.0759 -0.9998 0.0123 0.0122
-9.86932 0.242278 0.0759 -0.9998 0.0123 0.0122
-9.86932 0.242278 0.0759 -0.9998 0.0123 0.0122
-9.86932 0.242278 0.0759 -0.9998 0.0123 0.0122
-9.86932 0.242278 0.0759 -0.9998 0.0123 0.0122
-9.86932 0.242278 0.0759 -0.9998 0.0123 0.0122
-9.86932 0.242278 0.0759 -0.9998 0.0123 0.0122
-9.86932 0.242278 0.0759 -0.9998 0.0123 0.0122
-9.86932 0.242278 0.0759 -0.9998 0.0123 0.0122
-9.86932 0.242278 0.0759 -0.9998 0.0123 0.0122
-9.86932 0.242278 0.0759 -0.9998 0.0123 0.0122
-9.86932 0.242278 0.0759 -0.9998 0.0123 0.0122
-9.86932 0.242278 0.0759 -0.9998 0.0123 0.0122
-9.86932 0.242278 0.0759 -0.9998 0.0123 0.0122
-9.86932 0.242278 0.0759 -0.9998 0.0123 0.0122
-9.86932 0.242278 0.0759 -0.9998 0.0123 0.0122
-9.86932 0.242278 0.0759 -0.9998 0.0123 0.0122
-9.86932 0.242278 0.0759 -0.9998 0.0123 0.0122
-9.86932 0.242278 0.0759 -0.9998 0.0123 0.0122
-9.86932 0.242278 0.0759 -0.9998 0.0123 0.0122
-9.86932 0.242278 0.0759 -0.9998 0.0123 0.0122
-9.86932 0.242278 0.0759 -0.9998 0.0123 0.0122
-9.86932 0.242278 0.0759 -0.9998 0.0123 0.0122
End
-9.86932 0.242278 0.0759 -0.9998 0.0123 0.0122
-9.86932 0.242278 0.0759 -0.9998 0.0123 0.0122
-9.86932 0.242278 0.0759 -0.9998 0.0123 0.0122
-9.86932 0.242278 0.0759 -0.9998 0.0123 0.0122
-9.86932 0.242278 0.0759 -0.9998 0.0123 0.0122
-9.86932 0.242278 0.0759 -0.9998 0.0123 0.0122
-9.86932 0.242278 0.0759 -0.9998 0.0123 0.0122
-9.86932 0.242278 0.0759 -0.9998 0.0123 0.0122
-9.86932 0.242278 0.0759 -0.9998 0.0123 0.0122
-9.86932 0.242278 0.0759 -0.9998 0.0123 0.0122
-9.86932 0.242278 0.0759 -0.9998 0.0123 0.0122
-9.86932 0.242278 0.0759 -0.9998 0.0123 0.0122
-9.86932 0.242278 0.0759 -0.9998 0.0123 0.0122
-9.86932 0.242278 0.0759 -0.9998 0.0123 0.0122
-9.86932 0.242278 0.0759 -0.9998 0.0123 0.0122
-9.86932 0.242278 0.0759 -0.9998 0.0123 0.0122
-9.86932 0.242278 0.0759 -0.9998 0.0123 0.0122
-9.86932 0.242278 0.0759 -0.9998 0.0123 0.0122
-9.86932 0.242278 0.0759 -0.9998 0.0123 0.0122
-9.86932 0.242278 0.0759 -0.9998 0.0123 0.0122
-9.86932 0.242278 0.0759 -0.9998 0.0123 0.0122
-9.86932 0.242278 0.0759 -0.9998 0.0123 0.0122
-9.86932 0.242278 0.0759 -0.9998 0.0123 0.0122
-9.86932 0.242278 0.0759 -0.9998 0.0123 0.0122
-9.86932 0.242278 0.0759 -0.9998 0.0123 0.0122
-9.86932 0.242278 0.0759 -0.9998 0.0123 0.0122
-9.86932 0.242278 0.0759 -0.9998 0.0123 0.0122
-9.86932 0.242278 0.0759 -0.9998 0.0123 0.0122
-9.86932 0.242278 0.0759 -0.9998 0.0123 0.0122
-9.86932 0.242278 0.0759 -0.9998 0.0123 0.0122
-9.86932 0.242278 0.0759 -0.9998 0.0123 0.0122
-9.86932 0.242278 0.0759 -0.9998 0.0123 0.0122
-9.86932 0.242278 0.0759 -0.9998 0.0123 0.0122
-9.86932 0.242278 0.0759 -0.9998 0.0123 0.0122
-9.86932 0.242278 0.0759 -0.9998 0.0123 0.0122
-9.86932 0.242278 0.0759 -0.9998 0.0123 0.0122
-9.86932 0.242278 0.0759 -0.9998 0.0123 0.0122
-9.86932 0.242278 0.0759 -0.9998 0.0123 0.0122
-9.86932 0.242278 0.0759 -0.9998 0.0123 0.0122
-9.86932 0.242278 0.0759 -0.9998 0.0123 0.0122
-9.86932 0.242278 0.0759 -0.9998 0.0123 0.0122
-9.86932 0.242278 0.0759 -0.9998 0.0123 0.0122
-9.86932 0.242278 0.0759 -0.9998 0.0123 0.0122
-9.86932 0.242278 0.0759 -0.9998 0.0123 0.0122
-9.86932 0.242278 0.0759 -0.9998 0.0123 0.0122
-9.86932 0.242278 0.0759 -0.9998 0.0123 0.0122
-9.86932 0.242278 0.0759 -0.9998 0.0123 0.0122
-9.86932 0.242278 0.0759 -0.9998 0.0123 0.0122
-9.86932 0.242278 0.0759 -0.9998 0.0123 0.0122
-9.86932 0.242278 0.0759 -0.9998 0.0123 0.0122
-9.86932 0.242278 0.0759 -0.9998 0.0123 0.0122
-9.86932 0.242278 0.0759 -0.9998 0.0123 0.0122
-9.86932 0.242278 0.0759 -0.9998 0.0123 0.0122
-9.86932 0.242278 0.0759 -0.9998 0.0123 0.0122
-9.86932 0.242278 0.0759 -0.9998 0.0123 0.0122
-9.86932 0.242278 0.0759 -0.9998 0.0123 0.0122
-9.86932 0.242278 0.0759 -0.9998 0.0123 0.0122
-9.86932 0.242278 0.0759 -0.9998 0.0123 0.0122
-9.86932 0.242278 0.0759 -0.9998 0.0123 0.0122
-9.86932 0.242278 0.0759 -0.9998 0.0123 0.0122
-9.86932 0.242278 0.0759 -0.9998 0.0123 0.0122
-9.86932 0.242278 0.0759 -0.9998 0.0123 0.0122
-9.86932 0.242278 0.0759 -0.9998 0.0123 0.0122
-9.86932 0.242278 0.0759 -0.9998 0.0123 0.0122
-9.86932 0.242278 0.0759 -0.9998 0.0123 0.0122
-9.86932 0.242278 0.0759 -0.9998 0.0123 0.0122
-9.86932 0.242278 0.0759 -0.9998 0.0123 0.0122
-9.86932 0.242278 0.0759 -0.9998 0.0123 0.0122
-9.86932 0.242278 0.0759 -0.9998 0.0123 0.0122
-9.86932 0.242278 0.0759 -0.9998 0.0123 0.0122
-9.86932 0.242278 0.0759 -0.9998 0.0123 0.0122
-9.86932 0.242278 0.0759 -0.9998 0.0123 0.0122
-9.86932 0.242278 0.0759 -0.9998 0.0123 0.0122
-9.86932 0.242278 0.0759 -0.9998 0.0123 0.0122
-9.86932 0.242278 0.0759 -0.9998 0.0123 0.0122
-9.86932 0.242278 0.0759 -0.9998 0.0123 0.0122
-9.86932 0.242278 0.0759 -0.9998 0.0123 0.0122
-9.86932 0.242278 0.0759 -0.9998 0.0123 0.0122
-9.86932 0.242278 0.0759 -0.9998 0.0123 0.0122
-9.86932 0.242278 0.0759 -0.9998 0.0123 0.0122
-9.86932 0.242278 0.0759 -0.9998 0.0123 0.0122
-9.86932 0.242278 0.0759 -0.9998 0.0123 0.0122
-9.86932 0.242278 0.0759 -0.9998 0.0123 0.0122
-9.86932 0.242278 0.0759 -0.9998 0.0123 0.0122
-9.86932 0.242278 0.0759 -0.9998 0.0123 0.0122
-9.86932 0.242278 0.0759 -0.9998 0.0123 0.0122
-9.86932 0.242278 0.0759 -0.9998 0.0123 0.0122
-9.86932 0.242278 0.0759 -0.9998 0.0123 0.0122
-9.86932 0.242278 0.0759 -0.9998 0.0123 0.0122
-9.86932 0.242278 0.0759 -0.9998 0.0123 0.0122
-9.86932 0.242278 0.0759 -0.9998 0.0123 0.0122
-9.86932 0.242278 0.0759 -0.9998 0.0123 0.0122
-9.86932 0.242278 0.0759 -0.9998 0.0123 0.0122
-9.86932 0.242278 0.0759 -0.9998 0.0123 0.0122
-9.86932 0.242278 0.0759 -0.9998 0.0123 0.0122
-9.86932 0.242278 0.0759 -0.9998 0.0123 0.0122
-9.86932 0.242278 0.0759 -0.9998 0.0123 0.0122
-9.86932 0.242278 0.0759 -0.9998 0.0123 0.0122
-9.86932 0.242278 0.0759 -0.9998 0.0123 0.0122
-9.86932 0.242278 0.0759 -0.9998 0.0123 0.0122
-9.86932 0.242278 0.0759 -0.9998 0.0123 0.0122
End
-9.86932 0.242278 0.0759 -0.9998 0.0123 0.0122
-9.86932 0.242278 0.0759 -0.9998 0.0123 0.0122
-9.86932 0.242278 0.0759 -0.9998 0.0123 0.0122
-9.86932 0.242278 0.0759 -0.9998 0.0123 0.0122
-9.86932 0.242278 0.0759 -0.9998 0.0123 0.0122
-9.86932 0.242278 0.0759 -0.9998 0.0123 0.0122
-9.86932 0.242278 0.0759 -0.9998 0.0123 0.0122
-9.86932 0.242278 0.0759 -0.9998 0.0123 0.0122
-9.86932 0.242278 0.0759 -0.9998 0.0123 0.0122
-9.86932 0.242278 0.0759 -0.9998 0.0123 0.0122
-9.86932 0.242278 0.0759 -0.9998 0.0123 0.0122
-9.86932 0.242278 0.0759 -0.9998 0.0123 0.0122
-9.86932 0.242278 0.0759 -0.9998 0.0123 0.0122
-9.86932 0.242278 0.0759 -0.9998 0.0123 0.0122
-9.86932 0.242278 0.0759 -0.9998 0.0123 0.0122
-9.86932 0.242278 0.0759 -0.9998 0.0123 0.0122
-9.86932 0.242278 0.0759 -0.9998 0.0123 0.0122
-9.86932 0.242278 0.0759 -0.9998 0.0123 0.0122
-9.86932 0.242278 0.0759 -0.9998 0.0123 0.0122
-9.86932 0.242278 0.0759 -0.9998 0.0123 0.0122
-9.86932 0.242278 0.0759 -0.9998 0.0123 0.0122
-9.86932 0.242278 0.0759 -0.9998 0.0123 0.0122
-9.86932 0.242278 0.0759 -0.9998 0.0123 0.0122
-9.86932 0.242278 0.0759 -0.9998 0.0123 0.0122
-9.86932 0.242278 0.0759 -0.9998 0.0123 0.0122
-9.86932 0.242278 0.0759 -0.9998 0.0123 0.0122
-9.86932 0.242278 0.0759 -0.9998 0.0123 0.0122
-9.86932 0.242278 0.0759 -0.9998 0.0123 0.0122
-9.86932 0.242278 0.0759 -0.9998 0.0123 0.0122
-9.86932 0.242278 0.0759 -0.9998 0.0123 0.0122
-9.86932 0.242278 0.0759 -0.9998 0.0123 0.0122
-9.86932 0.242278 0.0759 -0.9998 0.0123 0.0122
-9.86932 0.242278 0.0759 -0.9998 0.0123 0.0122
-9.86932 0.242278 0.0759 -0.9998 0.0123 0.0122
-9.86932 0.242278 0.0759 -0.9998 0.0123 0.0122
-9.86932 0.242278 0.0759 -0.9998 0.0123 0.0122
-9.86932 0.242278 0.0759 -0.9998 0.0123 0.0122
-9.86932 0.242278 0.0759 -0.9998 0.0123 0.0122
-9.86932 0.242278 0.0759 -0.9998 0.0123 0.0122
-9.86932 0.242278 0.0759 -0.9998 0.0123 0.0122
-9.86932 0.242278 0.0759 -0.9998 0.0123 0.0122
-9.86932 0.242278 0.0759 -0.9998 0.0123 0.0122
-9.86932 0.242278 0.0759 -0.9998 0.0123 0.0122
-9.86932 0.242278 0.0759 -0.9998 0.0123 0.0122
-9.86932 0.242278 0.0759 -0.9998 0.0123 0.0122
-9.86932 0.242278 0.0759 -0.9998 0.0123 0.0122
-9.86932 0.242278 0.0759 -0.9998 0.0123 0.0122
-9.86932 0.242278 0.0759 -0.9998 0.0123 0.0122
-9.86932 0.242278 0.0759 -0.9998 0.0123 0.0122
-9.86932 0.242278 0.0759 -0.9998 0.0123 0.0122
-9.86932 0.242278 0.0759 -0.9998 0.0123 0.0122
-9.86932 0.242278 0.0759 -0.9998 0.0123 0.0122
-9.86932 0.242278 0.0759 -0.9998 0.0123 0.0122
-9.86932 0.242278 0.0759 -0.9998 0.0123 0.0122
-9.86932 0.242278 0.0759 -0.9998 0.0123 0.0122
-9.86932 0.242278 0.0759 -0.9998 0.0123 0.0122
-9.86932 0.242278 0.0759 -0.9998 0.0123 0.0122
-9.86932 0.242278 0.0759 -0.9998 0.0123 0.0122
-9.86932 0.242278 0.0759 -0.9998 0.0123 0.0122
-9.86932 0.242278 0.0759 -0.9998 0.0123 0.0122
-9.86932 0.242278 0.0759 -0.9998 0.0123 0.0122
-9.86932 0.242278 0.0759 -0.9998 0.0123 0.0122
-9.86932 0.242278 0.0759 -0.9998 0.0123 0.0122
-9.86932 0.242278 0.0759 -0.9998 0.0123 0.0122
-9.86932 0.242278 0.0759 -0.9998 0.0123 0.0122
-9.86932 0.242278 0.0759 -0.9998 0.0123 0.0122
-9.86932 0.242278 0.0759 -0.9998 0.0123 0.0122
-9.86932 0.242278 0.0759 -0.9998 0.0123 0.0122
-9.86932 0.242278 0.0759 -0.9998 0.0123 0.0122
-9.86932 0.242278 0.0759 -0.9998 0.0123 0.0122
-9.86932 0.242278 0.0759 -0.9998 0.0123 0.0122
-9.86932 0.242278 0.0759 -0.9998 0.0123 0.0122
-9.86932 0.242278 0.0759 -0.9998 0.0123 0.0122
-9.86932 0.242278 0.0759 -0.9998 0.0123 0.0122
-9.86932 0.242278 0.0759 -0.9998 0.0123 0.0122
-9.86932 0.242278 0.0759 -0.9998 0.0123 0.0122
-9.86932 0.242278 0.0759 -0.9998 0.0123 0.0122
-9.86932 0.242278 0.0759 -0.9998 0.0123 0.0122
-9.86932 0.242278 0.0759 -0.9998 0.0123 0.0122
-9.86932 0.242278 0.0759 -0.9998 0.0123 0.0122
-9.86932 0.242278 0.0759 -0.9998 0.0123 0.0122
-9.86932 0.242278 0.0759 -0.9998 0.0123 0.0122
-9.86932 0.242278 0.0759 -0.9998 0.0123 0.0122
-9.86932 0.242278 0.0759 -0.9998 0.0123 0.0122
-9.86932 0.242278 0.0759 -0.9998 0.0123 0.0122
-9.86932 0.242278 0.0759 -0.9998 0.0123 0.0122
-9.86932 0.242278 0.0759 -0.9998 0.0123 0.0122
-9.86932 0.242278 0.0759 -0.9998 0.0123 0.0122
-9.86932 0.242278 0.0759 -0.9998 0.0123 0.0122
-9.86932 0.242278 0.0759 -0.9998 0.0123 0.0122
-9.86932 0.242278 0.0759 -0.9998 0.0123 0.0122
-9.86932 0.242278 0.0759 -0.9998 0.0123 0.0122
-9.86932 0.242278 0.0759 -0.9998 0.0123 0.0122
-9.86932 0.242278 0.0759 -0.9998 0.0123 0.0122
-9.86932 0.242278 0.0759 -0.9998 0.0123 0.0122
-9.86932 0.242278 0.0759 -0.9998 0.0123 0.0122
-9.86932 0.242278 0.0759 -0.9998 0.0123 0.0122
-9.86932 0.242278 0.0759 -0.9998 0.0123 0.0122
-9.86932 0.242278 0.0759 -0.9998 0.0123 0.0122
-9.86932 0.242278 0.0759 -0.9998 0.0123 0.0122
-9.86932 0.242278 0.0759 -0.9998 0.0123 0.0122
End
