513 300
0.0589034 0.598065
0.0583375 0.589121
0.0577883 0.577981
0.0610996 0.582216
0.0655999 0.585407
0.0705335 0.585584
0.0750679 0.589296
0.0813009 0.586995
0.0789623 0.581667
0.0844824 0.578897
0.0871414 0.583668
0.093152 0.585006
0.0970906 0.585259
0.095501 0.576672
0.0910371 0.578333
0.0896769 0.573333
0.0818778 0.573344
0.0764629 0.575027
0.0721727 0.578795
0.0655835 0.575425
0.0608594 0.570692
0.0615813 0.561681
0.0670362 0.564597
0.0709423 0.570026
0.0747443 0.563917
0.078968 0.566705
0.084025 0.567697
0.0875274 0.567686
0.0916211 0.566683
0.095504 0.568348
0.0955085 0.558175
0.090669 0.559989
0.0838666 0.560015
0.0849051 0.553266
0.0900047 0.552752
0.0925926 0.549
0.0957007 0.547658
0.094527 0.54
0.0890838 0.543
0.0855768 0.545661
0.0821181 0.544223
0.0789892 0.547833
0.0780084 0.555039
0.0724797 0.557799
0.067926 0.556124
0.0652061 0.551186
0.073366 0.548796
0.0700023 0.542932
0.0750164 0.537243
0.0804446 0.537611
0.082846 0.5325
0.0859649 0.535667
0.0900863 0.535
0.0950852 0.531667
0.0922677 0.525556
0.0877193 0.526667
0.082846 0.526667
0.0779931 0.528272
0.0794367 0.519007
0.0836257 0.519
0.088694 0.52
0.0959955 0.521667
0.0941414 0.516339
0.0902534 0.513
0.0859649 0.512333
0.0806391 0.5112
0.0838207 0.506667
0.0810637 0.502341
0.0836407 0.494735
0.08577 0.498333
0.0883041 0.503
0.0910331 0.507
0.0955054 0.508334
0.0949175 0.500336
0.0956573 0.493247
0.0916179 0.496667
0.0891813 0.494167
0.0874343 0.487205
0.0918129 0.487667
0.0959799 0.485929
0.092748 0.479857
0.0968632 0.475237
0.100758 0.484971
0.105866 0.486495
0.110889 0.493276
0.107414 0.494351
0.102754 0.493707
0.105376 0.49983
0.10874 0.504
0.11252 0.506972
0.113645 0.500333
0.11605 0.495304
0.121438 0.499807
0.117154 0.505667
0.120858 0.506667
0.1255 0.505529
0.128808 0.509213
0.132427 0.509628
0.136351 0.512743
0.140608 0.515863
0.145539 0.51947
0.149549 0.524162
0.152793 0.522057
0.156788 0.525391
0.161773 0.525792
0.165397 0.525413
0.17131 0.525205
0.172904 0.530333
0.166992 0.531111
0.161598 0.534333
0.15757 0.532222
0.151462 0.530333
0.146004 0.527667
0.1423 0.525
0.138402 0.523333
0.135478 0.5275
0.129955 0.526111
0.133853 0.521111
0.131189 0.516333
0.126706 0.516667
0.123457 0.513889
0.117934 0.513333
0.112563 0.513276
0.112497 0.521569
0.116959 0.52
0.120663 0.521
0.126121 0.523
0.123392 0.527
0.116374 0.527
0.109999 0.532091
0.113255 0.535667
0.116959 0.535
0.120663 0.532333
0.124756 0.535
0.12963 0.533333
0.135478 0.533333
0.141326 0.533333
0.147173 0.535952
0.153021 0.536667
0.153411 0.543
0.151072 0.5475
0.144834 0.547
0.147563 0.543
0.1423 0.54
0.139051 0.541667
0.134503 0.54
0.13002 0.539667
0.126706 0.543333
0.122612 0.542333
0.119103 0.542333
0.114035 0.545
0.109815 0.541116
0.106509 0.543792
0.109167 0.54999
0.108299 0.555146
0.112481 0.556997
0.114815 0.551667
0.119493 0.549667
0.122807 0.553333
0.127959 0.555952
0.126121 0.549667
0.130604 0.546667
0.133853 0.549444
0.137427 0.547667
0.141326 0.551667
0.145224 0.555
0.1501 0.558343
0.151724 0.553897
0.155619 0.553343
0.160819 0.554055
0.166667 0.553333
0.173489 0.553889
0.17797 0.549676
0.18187 0.553006
0.184855 0.556122
0.18908 0.55834
0.193304 0.561121
0.197856 0.555952
0.202534 0.555667
0.205328 0.551111
0.208772 0.547667
0.21345 0.546667
0.21306 0.553
0.215957 0.558333
0.211176 0.562222
0.207602 0.558333
0.201754 0.5625
0.198635 0.565667
0.194929 0.566671
0.189084 0.566667
0.18538 0.564333
0.183236 0.57
0.179337 0.57
0.174464 0.573333
0.174854 0.567
0.180702 0.563667
0.17885 0.558333
0.175439 0.56
0.171735 0.561
0.167641 0.56
0.163743 0.56
0.15848 0.560333
0.154191 0.564333
0.1577 0.567667
0.161988 0.567667
0.165692 0.566667
0.169786 0.567667
0.166667 0.573333
0.160429 0.573667
0.154414 0.575
0.149123 0.575
0.14555 0.578896
0.140351 0.578333
0.136452 0.581667
0.132359 0.579
0.12846 0.578333
0.12729 0.573
0.134503 0.573333
0.137752 0.568889
0.142495 0.571
0.146009 0.569005
0.150747 0.567778
0.147173 0.561667
0.141326 0.563333
0.138726 0.557778
0.133528 0.556667
0.133528 0.564048
0.129305 0.566111
0.125731 0.564333
0.121832 0.561667
0.118259 0.557778
0.116472 0.565
0.11306 0.565
0.108854 0.565025
0.110189 0.573014
0.114081 0.574938
0.118713 0.571
0.123002 0.571
0.121442 0.577
0.117609 0.581111
0.113535 0.584322
0.11069 0.589385
0.117934 0.59
0.122389 0.585
0.127123 0.585
0.132136 0.588333
0.136777 0.590556
0.141329 0.594051
0.138209 0.599006
0.133528 0.599286
0.12963 0.594333
0.126706 0.596667
0.123782 0.593667
0.120858 0.596667
0.116959 0.596667
0.113548 0.595
0.110366 0.59883
0.11084 0.607288
0.115984 0.603333
0.122111 0.604048
0.121275 0.611667
0.116634 0.610556
0.112542 0.614518
0.115497 0.618333
0.119103 0.621
0.113332 0.624613
0.117609 0.627778
0.115288 0.634517
0.119103 0.635667
0.122612 0.632333
0.126511 0.631
0.130409 0.627667
0.134503 0.625
0.138212 0.624329
0.14165 0.618889
0.146524 0.617778
0.143665 0.611667
0.138212 0.614329
0.134698 0.614333
0.131579 0.615667
0.12924 0.621667
0.124107 0.624444
0.122807 0.618333
0.126511 0.615667
0.12807 0.609667
0.12768 0.603333
0.133528 0.606667
0.138407 0.606667
0.142105 0.605667
0.144899 0.601667
0.148148 0.6
0.152534 0.601667
0.15653 0.599667
0.162768 0.595952
0.158869 0.5925
0.154971 0.594167
0.150097 0.595
0.151462 0.589667
0.146199 0.591667
0.142446 0.585472
0.150237 0.582619
0.155296 0.585555
0.160429 0.587
0.157895 0.58
0.161988 0.581
0.165692 0.581667
0.169786 0.579
0.174074 0.579667
0.179337 0.578333
0.183041 0.577667
0.18694 0.574333
0.191033 0.571667
0.193177 0.575667
0.196686 0.574333
0.199318 0.578333
0.202725 0.581673
0.197531 0.584444
0.192982 0.583333
0.189084 0.58
0.1846 0.583667
0.189084 0.586667
0.184211 0.590333
0.187135 0.593333
0.191618 0.593667
0.194347 0.589667
0.199805 0.592333
0.203314 0.590333
0.206626 0.585006
0.211501 0.583333
0.217349 0.582619
0.223587 0.583667
0.221248 0.578333
0.226121 0.576667
0.229825 0.575667
0.231969 0.571667
0.233918 0.568333
0.22807 0.566111
0.224496 0.571111
0.218908 0.573
0.214425 0.575
0.210526 0.576667
0.206628 0.576667
0.202138 0.573001
0.204353 0.567778
0.209273 0.569286
0.21501 0.567
0.219688 0.566333
0.221526 0.560714
0.226706 0.560333
0.230019 0.556667
0.233268 0.558333
0.238234 0.555
0.24386 0.552333
0.240416 0.547778
0.23538 0.545833
0.233918 0.55
0.230214 0.549
0.225703 0.55119
0.221572 0.552778
0.218324 0.55
0.218324 0.543333
0.21501 0.539667
0.209552 0.54
0.204029 0.542222
0.199805 0.547381
0.195419 0.548333
0.192333 0.552222
0.188109 0.547381
0.183236 0.546667
0.178363 0.543333
0.173489 0.546676
0.169789 0.547677
0.164717 0.546667
0.158869 0.546667
0.15848 0.540333
0.164717 0.539286
0.169591 0.538333
0.173489 0.538333
0.17885 0.5375
0.184211 0.54
0.189669 0.539667
0.193177 0.542333
0.197856 0.54
0.195517 0.533667
0.190058 0.533333
0.184211 0.533333
0.177973 0.533
0.178366 0.526368
0.184232 0.526283
0.189099 0.526103
0.192999 0.525819
0.196903 0.525499
0.199805 0.53
0.202079 0.534444
0.206433 0.534333
0.210526 0.533333
0.21423 0.531
0.217349 0.532333
0.220858 0.536333
0.222417 0.542333
0.227096 0.543333
0.226121 0.536667
0.230994 0.537381
0.235218 0.538333
0.239181 0.540333
0.243665 0.541667
0.247368 0.544333
0.250487 0.549286
0.253606 0.544333
0.25731 0.545
0.262183 0.546667
0.263158 0.540556
0.259844 0.536333
0.258674 0.530333
0.252762 0.531111
0.254776 0.537
0.249188 0.537778
0.246264 0.532222
0.239627 0.532619
0.24347 0.527667
0.240416 0.523889
0.234893 0.527381
0.230604 0.530333
0.226121 0.53
0.221804 0.528333
0.218741 0.521667
0.21345 0.523333
0.209162 0.527
0.204678 0.526667
0.201567 0.522673
0.207847 0.519919
0.213703 0.516493
0.206807 0.502631
0.202887 0.503107
0.20026 0.500848
0.195889 0.497841
0.195927 0.503195
0.190196 0.502883
0.189955 0.497313
0.185199 0.49941
0.181296 0.498549
0.176861 0.49766
0.172394 0.495573
0.168857 0.492068
0.16615 0.494605
0.162101 0.490627
0.157707 0.488868
0.15394 0.485415
0.150522 0.484354
0.147325 0.481122
0.143304 0.478278
0.139347 0.475115
0.135413 0.471873
0.131588 0.468348
0.128362 0.464594
0.124862 0.463022
0.121299 0.458612
0.116073 0.454878
0.100955 0.411161
0.0986579 0.40216
0.101936 0.400801
0.0988548 0.392345
0.103617 0.391999
0.100829 0.386361
0.105109 0.381323
0.101132 0.378225
0.104895 0.373124
0.107419 0.367135
0.103885 0.36498
0.109209 0.358667
0.106452 0.356239
0.110354 0.349538
0.11874 0.313436
0.118876 0.306762
0.12186 0.301003
0.118212 0.299524
0.118632 0.29335
0.123416 0.293179
0.11891 0.285185
0.122807 0.285
0.126533 0.284523
0.129902 0.276286
0.124172 0.277
0.120306 0.274114
0.128005 0.271111
0.124107 0.267778
0.12226 0.262585
0.129908 0.264048
0.134347 0.264373
0.137309 0.255486
0.132554 0.256667
0.128655 0.256667
0.125013 0.257807
0.126826 0.249374
0.131022 0.248333
0.135867 0.250333
0.14116 0.246671
0.135478 0.243333
0.131743 0.238826
0.136452 0.236667
0.140936 0.240333
0.145114 0.237191
0.140351 0.233333
0.136409 0.230571
0.139605 0.226862
0.14425 0.23
0.149047 0.23041
0.152602 0.22429
0.147173 0.223333
0.14165 0.222222
0.138448 0.217361
0.145614 0.217
0.151072 0.216667
0.155976 0.218566
0.160312 0.216678
0.165772 0.21044
0.161376 0.207857
0.157895 0.21
0.153996 0.21
0.150097 0.208333
0.145614 0.209667
0.14165 0.212222
0.138147 0.206632
0.145224 0.204167
0.14165 0.201111
0.139622 0.194873
0.14239 0.18705
0.147173 0.186667
0.152632 0.189667
0.146199 0.193333
0.147823 0.198889
0.151852 0.199
0.155361 0.203667
0.160819 0.2
0.155528 0.195
0.159844 0.191667
0.164392 0.192222
0.169006 0.187
0.166277 0.183
0.162281 0.185
0.159259 0.179667
0.157407 0.185
0.154191 0.182333
0.151072 0.181
0.146924 0.17941
0.151523 0.17398
0.155973 0.172811
0.160542 0.171973
0.164327 0.177
0.166619 0.171435
0.169821 0.175333
0.174454 0.1753
0.17335 0.182143
0.179355 0.179969
0.181563 0.18688
0.177193 0.187667
0.173072 0.191667
0.168941 0.195556
0.16611 0.201667
0.170315 0.205574
0.173643 0.200789
0.178142 0.200192
0.178752 0.193667
0.183398 0.195381
0.37265 0.28631
0.420381 0.321375
0.402586 0.277037
0.401335 0.270168
0.399539 0.267895
0.407061 0.265437
0.408762 0.260398
0.404873 0.260333
0.398923 0.259957
0.398813 0.253333
0.403314 0.254333
0.407212 0.251
0.410406 0.253506
0.413635 0.244124
0.410331 0.245667
0.405263 0.244333
0.40156 0.245
0.39777 0.244612
0.400456 0.236615
0.400709 0.2292
0.405263 0.231
0.407082 0.237778
0.412281 0.235952
0.416965 0.237775
0.420001 0.230588
0.415205 0.228333
0.409941 0.229667
0.410331 0.223333
0.404873 0.223667
0.402539 0.218695
0.406758 0.215556
0.408772 0.209667
0.403503 0.209521
0.405568 0.202003
0.409357 0.203333
0.413255 0.206667
0.418519 0.206333
0.423002 0.21
0.419688 0.213667
0.415692 0.211667
0.411956 0.215556
0.415205 0.22
0.419428 0.220556
0.422585 0.224168
0.426796 0.220787
0.43126 0.216087
0.425536 0.215
0.428265 0.209667
0.432749 0.21
0.437637 0.209061
0.442599 0.20655
0.436647 0.203333
0.431774 0.204167
0.428655 0.201
0.423977 0.203333
0.423977 0.196667
0.419103 0.2
0.4154 0.199
0.412281 0.197667
0.40841 0.194992
0.411457 0.188949
0.415205 0.188333
0.419103 0.191667
0.42342 0.188333
0.428711 0.185476
0.430214 0.179667
0.423977 0.18
0.419103 0.183333
0.417641 0.179167
0.413042 0.179987
0.413163 0.173407
0.417479 0.172778
0.422584 0.171667
0.426901 0.171667
0.430994 0.172333
0.434698 0.17
0.434698 0.163333
0.429825 0.164048
0.424534 0.161667
0.419688 0.166333
0.413575 0.165448
0.417739 0.161667
0.415593 0.155388
0.419116 0.153401
0.422807 0.154333
0.429435 0.157
0.434893 0.155667
0.432261 0.151667
0.427597 0.150714
0.421983 0.146507
0.426594 0.143297
0.430801 0.14341
0.434659 0.145341
0.438911 0.146818
0.439181 0.153
0.443111 0.157468
0.439181 0.160333
0.440128 0.166429
0.443094 0.171446
0.438597 0.173333
0.434698 0.178333
0.439084 0.179167
0.440546 0.183333
0.444315 0.182818
0.449019 0.183968
0.445809 0.189667
0.450292 0.19
0.454817 0.189599
0.458934 0.195223
0.453216 0.196667
0.447758 0.196333
0.44191 0.193667
0.438921 0.188889
0.434893 0.187667
0.432261 0.191667
0.428265 0.193
0.433236 0.198333
0.436647 0.196667
0.440546 0.2
0.444639 0.201
0.448234 0.203412
0.452739 0.203366
0.457366 0.201906
0.461728 0.201073
0.465149 0.205456
0.495577 0.212005
0.49857 0.218333
0.497941 0.224633
0.500433 0.231077
0.502473 0.237466
0.505184 0.230619
0.507833 0.2251
0.502729 0.222333
0.505848 0.219167
0.510908 0.220328
0.514613 0.214347
0.510721 0.213333
0.505848 0.213333
0.50039 0.213
0.49961 0.207
0.504873 0.206667
0.508772 0.206667
0.513645 0.206667
0.518388 0.207716
0.522195 0.203557
0.517544 0.2
0.512086 0.200333
0.506238 0.199667
0.501624 0.201111
0.496767 0.200935
0.49431 0.194649
0.491174 0.189703
0.490489 0.183259
0.489094 0.176644
0.493177 0.175
0.497076 0.173333
0.501559 0.170333
0.501949 0.176667
0.506823 0.178333
0.511371 0.177778
0.514815 0.172333
0.510721 0.17
0.507018 0.169
0.504224 0.164444
0.499025 0.163333
0.495712 0.167
0.489142 0.169538
0.491801 0.163864
0.49313 0.156531
0.496589 0.158333
0.501949 0.159167
0.506823 0.156667
0.502339 0.153667
0.498371 0.151124
0.505064 0.148312
0.510522 0.152007
0.515703 0.158222
0.510071 0.161111
0.513645 0.165
0.51913 0.166207
0.518878 0.17459
0.523179 0.176754
0.528277 0.180496
0.531189 0.185015
0.524366 0.183333
0.521442 0.186333
0.518519 0.183333
0.514815 0.182333
0.510071 0.185556
0.505848 0.1875
0.501949 0.183333
0.497271 0.181
0.494639 0.185
0.497726 0.190556
0.501949 0.192619
0.507407 0.193
0.511306 0.195
0.51462 0.19
0.517057 0.1925
0.521053 0.193
0.524443 0.197727
0.526511 0.191
0.529939 0.192819
0.534042 0.190711
0.538877 0.189606
0.544864 0.18941
0.549753 0.189711
0.549513 0.182333
0.546296 0.180833
0.54386 0.183333
0.539376 0.183667
0.535252 0.181183
0.540802 0.176917
0.546879 0.174368
0.551629 0.17633
0.554581 0.179996
0.558233 0.178358
0.562767 0.181881
0.576085 0.164847
0.580897 0.161667
0.576998 0.16
0.574604 0.153607
0.578298 0.151667
0.582846 0.151667
0.580897 0.146667
0.577545 0.142784
0.582348 0.138693
0.587567 0.138076
0.58577 0.145
0.591172 0.14248
0.594008 0.148698
0.588694 0.15
0.58577 0.155952
0.590838 0.155667
0.594696 0.158475
0.591452 0.164722
0.58577 0.164048
0.588901 0.170664
0.58388 0.171863
0.579777 0.169548
0.570133 0.188628
0.567251 0.193333
0.564318 0.18835
0.558869 0.186333
0.554002 0.188456
0.557916 0.193156
0.56268 0.196742
0.567943 0.20061
0.571345 0.197667
0.575034 0.195805
0.579085 0.20268
0.575049 0.203333
0.572286 0.207107
0.577963 0.210673
0.584216 0.210903
0.589046 0.208972
0.590394 0.202866
0.594542 0.203333
0.599415 0.204048
0.605653 0.203667
0.610136 0.205
0.606238 0.21
0.601754 0.210333
0.595517 0.21
0.592398 0.215667
0.588694 0.216667
0.581837 0.217195
0.585046 0.223226
0.589181 0.2225
0.594542 0.225
0.590643 0.226667
0.588381 0.232213
0.592288 0.23534
0.596296 0.235667
0.593017 0.243102
0.595297 0.254251
0.59548 0.247417
0.598434 0.243376
0.600386 0.236375
0.599408 0.229994
0.604231 0.227026
0.599025 0.223667
0.596491 0.216667
0.600585 0.217667
0.604289 0.218333
0.607749 0.218392
0.610432 0.213747
0.615086 0.20947
0.61501 0.203333
0.621979 0.203507
0.619688 0.197667
0.615984 0.196667
0.612086 0.196667
0.608187 0.196667
0.603314 0.197381
0.598441 0.196667
0.594047 0.196049
0.599218 0.190443
0.603437 0.187899
0.607212 0.190833
0.609149 0.185959
0.612232 0.189251
0.615943 0.189112
0.619878 0.189596
0.624032 0.185647
0.627499 0.181459
0.632554 0.18
0.629363 0.173379
0.633999 0.171917
0.637956 0.166303
0.644488 0.168388
0.640351 0.170862
0.637232 0.177667
0.6423 0.176667
0.647893 0.177228
0.648403 0.18842
0.645029 0.184333
0.6423 0.185
0.639051 0.184444
0.636452 0.19
0.632229 0.187222
0.628265 0.190333
0.623782 0.195
0.627629 0.198508
0.631555 0.197985
0.635444 0.197494
0.639545 0.196021
0.643248 0.194961
0.647449 0.195557
0.726005 0.225027
0.729695 0.228889
0.724951 0.234333
0.721309 0.235671
0.720459 0.242552
0.71741 0.246138
0.71714 0.253351
0.717985 0.260512
0.721086 0.252616
0.724177 0.249594
0.72572 0.243798
0.728395 0.239009
0.731655 0.23546
0.734532 0.231848
0.737314 0.227369
0.732943 0.223333
0.73034 0.21863
0.736097 0.218929
0.740854 0.22272
0.763629 0.195894
0.767522 0.197552
0.772246 0.194074
0.778436 0.192325
0.778363 0.187
0.774366 0.188333
0.769331 0.185556
0.766667 0.190333
0.763491 0.184556
0.764433 0.17566
0.767836 0.177667
0.77258 0.181111
0.777128 0.178889
0.780214 0.175
0.783626 0.176667
0.787942 0.171667
0.783208 0.168333
0.777193 0.169667
0.772904 0.172619
0.768479 0.168794
0.773167 0.1632
0.777656 0.162711
0.78082 0.161304
0.784898 0.159681
0.789061 0.163121
0.792882 0.168509
0.797158 0.169422
0.800473 0.173571
0.795646 0.177778
0.791423 0.178333
0.787524 0.18
0.782261 0.183
0.784501 0.188781
0.788928 0.186893
0.793838 0.187222
0.797427 0.184133
0.801166 0.184651
0.805573 0.186704
0.804484 0.179667
0.805068 0.173333
0.809617 0.172222
0.814165 0.168889
0.816959 0.164333
0.811501 0.163
0.807212 0.165667
0.803314 0.165667
0.800271 0.163009
0.806458 0.15824
0.811825 0.156091
0.817026 0.152315
0.818519 0.158333
0.822612 0.158333
0.82384 0.151308
0.826706 0.155667
0.830394 0.15452
0.834271 0.155166
0.83767 0.157653
0.840978 0.154767
0.843147 0.148341
0.846199 0.152333
0.850098 0.154333
0.854219 0.155
0.857115 0.149667
0.850877 0.146667
0.846496 0.142444
0.851362 0.138995
0.856178 0.138345
0.857115 0.143667
0.862224 0.142614
0.862178 0.14967
0.86709 0.151743
0.864035 0.155
0.867115 0.161631
0.860624 0.158333
0.856725 0.162619
0.851852 0.163333
0.847953 0.16
0.844249 0.161
0.840741 0.163667
0.834113 0.164333
0.830604 0.165667
0.827485 0.1625
0.821637 0.164167
0.825536 0.1675
0.825536 0.1725
0.820858 0.171
0.818064 0.175556
0.81514 0.179444
0.811404 0.178333
0.80892 0.183095
0.813947 0.186797
0.81926 0.187574
0.823873 0.190867
0.827485 0.187367
0.822027 0.183
0.823977 0.178333
0.828878 0.178333
0.833009 0.182778
0.836842 0.180333
0.837719 0.175833
0.831774 0.173
0.836452 0.169
0.840351 0.171
0.844055 0.17
0.847953 0.166667
0.849318 0.171667
0.853996 0.171
0.857505 0.172333
0.860137 0.168333
0.863353 0.167667
0.866331 0.172281
0.861587 0.177218
0.861304 0.182644
0.859779 0.189223
0.855556 0.191
0.851267 0.193667
0.847953 0.19
0.851267 0.186333
0.855333 0.181667
0.851852 0.176667
0.848538 0.180333
0.845029 0.175833
0.842105 0.18
0.845029 0.185
0.841618 0.188333
0.838207 0.188333
0.834308 0.19
0.830409 0.192333
0.834275 0.196702
0.839185 0.196663
0.844639 0.193667
0.845419 0.199667
0.840611 0.202342
0.844873 0.207016
0.848928 0.204167
0.851527 0.200556
0.856335 0.203
0.857115 0.197
0.861628 0.197771
0.863456 0.204439
0.859231 0.208333
0.854776 0.211667
0.849428 0.210693
0.852079 0.216592
0.856821 0.220388
0.861014 0.216333
0.864845 0.211882
0.865827 0.221151
0.86103 0.223658
0.861357 0.229538
0.865476 0.229056
0.865513 0.236774
0.884436 0.274477
0.889376 0.274167
0.890455 0.269374
0.895575 0.269676
0.900532 0.273315
0.894319 0.278333
0.898636 0.281667
0.903042 0.280748
0.905144 0.287684
0.902339 0.292333
0.898051 0.290333
0.894542 0.287667
0.891033 0.285667
0.887914 0.28
0.886379 0.285889
0.890022 0.293987
0.893205 0.299062
0.898051 0.296333
0.904979 0.297546
0.901759 0.302015
0.897336 0.304444
0.893585 0.307078
0.900815 0.311534
0.895853 0.31407
0.898039 0.321213
0.903113 0.321954
0.899579 0.328566
0.905944 0.330967
0.902517 0.333353
0.901165 0.338508
0.90423 0.342764
0.908594 0.341609
0.904001 0.350572
0.907634 0.351895
0.911217 0.356792
0.916797 0.357699
0.922166 0.363278
0.918129 0.363333
0.914425 0.364333
0.910331 0.363333
0.905998 0.359893
0.907193 0.368048
0.911631 0.371111
0.908284 0.377134
0.911315 0.381667
0.91488 0.375556
0.919103 0.37
0.924365 0.370135
0.920663 0.376333
0.925738 0.378365
0.922515 0.381667
0.917154 0.381667
0.920078 0.386667
0.924555 0.388653
0.920641 0.395819
0.916829 0.392222
0.914035 0.387667
0.909959 0.388659
0.911237 0.397139
0.915134 0.399667
0.91889 0.430594
0.915778 0.436094
0.916064 0.443212
0.920078 0.441667
0.923977 0.44
0.922612 0.433667
0.925474 0.429288
0.92816 0.434675
0.930183 0.439172
0.928013 0.445
0.928425 0.451303
0.923559 0.448333
0.917621 0.449969
0.922139 0.454892
0.93475 0.506087
0.929485 0.508982
0.926458 0.513409
0.932254 0.515058
0.935664 0.513399
0.94017 0.507385
0.94679 0.508045
0.944355 0.515092
0.950457 0.517633
0.953883 0.526407
0.948332 0.527794
0.944728 0.525124
0.941695 0.52242
0.939352 0.517759
0.935084 0.520338
0.929825 0.52
0.925926 0.52
0.922356 0.517244
0.918415 0.515093
0.919829 0.523316
0.923782 0.527667
0.919922 0.53163
0.926576 0.532222
0.92924 0.526333
0.933723 0.526667
0.938207 0.527
0.932749 0.533333
0.938207 0.533
0.942495 0.534333
0.945419 0.536667
0.949123 0.534333
0.953411 0.534333
0.957479 0.534906
0.961059 0.540287
0.957115 0.543333
0.961421 0.546434
0.963762 0.551953
0.957765 0.551111
0.954971 0.555667
0.951267 0.555
0.946004 0.555
0.943275 0.559
0.940156 0.563667
0.935867 0.559
0.939376 0.555667
0.941521 0.549444
0.947368 0.55
0.952242 0.546667
0.951852 0.540333
0.947368 0.543333
0.942885 0.543667
0.938597 0.540714
0.933138 0.540333
0.92885 0.538333
0.923782 0.539
0.919955 0.540931
0.920162 0.55
0.923002 0.547667
0.926413 0.545
0.92963 0.547667
0.934698 0.546667
0.934308 0.553
0.930799 0.555667
0.925731 0.554333
0.921152 0.557418
0.919829 0.566677
0.923782 0.565667
0.927875 0.566667
0.92729 0.560333
0.931774 0.563333
0.935088 0.567
0.940156 0.569667
0.942495 0.573333
0.945614 0.575667
0.949903 0.576333
0.952632 0.580333
0.957115 0.58
0.956465 0.572778
0.953216 0.57
0.949318 0.57
0.945614 0.565667
0.949123 0.562333
0.953216 0.563333
0.957115 0.563333
0.960429 0.557
0.963998 0.561639
0.960039 0.565667
0.963208 0.569947
0.961442 0.575764
0.960864 0.583129
0.958648 0.58856
0.955166 0.588333
0.950292 0.586667
0.945744 0.591111
0.940546 0.594048
0.937135 0.598333
0.933138 0.596333
0.92924 0.599667
0.92885 0.605833
0.933723 0.603333
0.939571 0.603333
0.94347 0.6
0.947563 0.597667
0.951267 0.593333
0.955275 0.596874
0.951135 0.601165
0.946598 0.605492
0.942659 0.608406
0.938451 0.611047
0.935079 0.608556
0.930716 0.611803
0.925287 0.611334
0.918833 0.609535
0.921832 0.605667
0.924951 0.601667
0.918948 0.598431
0.923002 0.595
0.919493 0.589
0.923002 0.585
0.926121 0.591
0.92963 0.591
0.933723 0.59
0.937427 0.587667
0.94152 0.586667
0.946004 0.583
0.94152 0.58
0.937297 0.578889
0.932749 0.583333
0.927875 0.583333
0.926413 0.579167
0.931774 0.576667
0.935088 0.573
0.929825 0.571667
0.925926 0.573333
0.922222 0.574333
0.919753 0.579142
0.902817 0.572768
0.89922 0.577
0.894737 0.576667
0.894737 0.583333
0.89922 0.583
0.901431 0.587261
0.897661 0.59
0.894542 0.592333
0.899037 0.596555
0.897521 0.60231
0.895316 0.606997
0.892593 0.612333
0.896094 0.615352
0.895219 0.624117
0.890838 0.621667
0.886615 0.622222
0.883041 0.626667
0.878168 0.625952
0.880796 0.619653
0.88499 0.616667
0.88383 0.6119
0.889084 0.612333
0.887038 0.605917
0.892593 0.601
0.887914 0.6
0.886686 0.593766
0.890838 0.593333
0.890253 0.587
0.886663 0.583683
0.890253 0.579667
0.888399 0.573333
0.892138 0.570556
0.897336 0.569444
0.900585 0.566667
0.906017 0.564184
0.902534 0.56
0.897661 0.56
0.893372 0.563667
0.888163 0.564463
0.887837 0.55564
0.891813 0.555
0.897336 0.552222
0.90156 0.554167
0.906899 0.556932
0.909329 0.551539
0.905945 0.548333
0.903021 0.548333
0.899285 0.544444
0.893762 0.547381
0.888163 0.545537
0.895322 0.539667
0.890188 0.538889
0.88707 0.533447
0.890259 0.52967
0.893762 0.533
0.896881 0.531
0.900585 0.533333
0.901949 0.539667
0.90822 0.542546
0.906725 0.535984
0.904202 0.531189
0.901035 0.526011
0.897148 0.521684
0.892788 0.523333
0.888673 0.522412
0.892 0.516332
0.887599 0.512188
0.897666 0.49688
0.902221 0.497034
0.899513 0.491982
0.895787 0.487647
0.892731 0.490665
0.887772 0.486704
0.890996 0.482646
0.886123 0.479783
0.869538 0.474055
0.866349 0.468957
0.865282 0.474912
0.860774 0.475424
0.86157 0.469183
0.857698 0.468964
0.853439 0.466913
0.848869 0.469619
0.854344 0.473792
0.848821 0.475812
0.84188 0.476429
0.843111 0.470029
0.836628 0.471247
0.83482 0.477402
0.829912 0.473057
0.825726 0.475548
0.829809 0.479871
0.823433 0.481094
0.820218 0.476186
0.817416 0.480693
0.813818 0.484157
0.812065 0.478682
0.807743 0.480647
0.809166 0.486486
0.804383 0.48715
0.801916 0.482564
0.795647 0.483141
0.798159 0.488588
0.79225 0.487894
0.788482 0.490824
0.786245 0.486183
0.7826 0.491564
0.779939 0.486394
0.77679 0.491712
0.773443 0.486841
0.771479 0.491822
0.76796 0.489116
0.76431 0.489098
0.758988 0.490116
0.761193 0.485843
0.755684 0.483605
0.753587 0.487964
0.750328 0.484109
0.747049 0.483834
0.743804 0.481305
0.739482 0.477845
0.734643 0.474383
0.730016 0.47062
0.708059 0.473356
0.701301 0.467291
0.699757 0.474931
0.703509 0.474333
0.705395 0.480992
0.710057 0.48146
0.698768 0.501857
0.697151 0.509118
0.702789 0.509341
0.706015 0.51591
0.70078 0.516667
0.695724 0.517992
0.697856 0.523333
0.702729 0.523333
0.708129 0.522253
0.710279 0.529238
0.705653 0.531667
0.701949 0.531
0.697856 0.53
0.694328 0.528651
0.69922 0.536333
0.693805 0.538562
0.697661 0.542333
0.702339 0.543667
0.705068 0.539667
0.710926 0.536397
0.71015 0.540843
0.711394 0.547996
0.707602 0.546667
0.704121 0.551667
0.699805 0.55
0.695581 0.55
0.692423 0.547869
0.691084 0.555314
0.69883 0.557381
0.695711 0.562333
0.691836 0.562255
0.688568 0.568718
0.692593 0.569667
0.695906 0.573333
0.700895 0.573375
0.69922 0.567
0.70284 0.563566
0.706097 0.560744
0.708824 0.555253
0.720686 0.557949
0.723847 0.562222
0.729045 0.563333
0.732943 0.565
0.734568 0.560556
0.738791 0.56
0.740253 0.555833
0.74399 0.559444
0.751072 0.560333
0.753962 0.555005
0.757867 0.55881
0.763158 0.56
0.768226 0.564333
0.772626 0.564048
0.778363 0.563
0.78421 0.563667
0.790838 0.563667
0.793047 0.568889
0.797076 0.569
0.802144 0.57
0.807018 0.568333
0.810721 0.569
0.8154 0.570333
0.818713 0.566667
0.81384 0.563333
0.819298 0.560333
0.820078 0.555
0.824756 0.555667
0.82846 0.555
0.832943 0.553
0.831871 0.5475
0.83577 0.545
0.839181 0.548333
0.842105 0.553333
0.844055 0.548333
0.846199 0.544333
0.842105 0.54
0.838012 0.539
0.834308 0.536667
0.830409 0.536667
0.830994 0.543
0.825926 0.546333
0.822612 0.55
0.817349 0.549667
0.811891 0.550714
0.81423 0.557
0.808967 0.558333
0.805263 0.557667
0.802924 0.562333
0.798802 0.561667
0.795127 0.557667
0.791423 0.556667
0.787329 0.559
0.782651 0.556667
0.777193 0.557
0.776316 0.5525
0.77193 0.555
0.768031 0.555
0.763548 0.553667
0.760824 0.548931
0.75731 0.547667
0.75653 0.541667
0.75174 0.544048
0.746782 0.545676
0.750487 0.55
0.747238 0.554444
0.74269 0.55
0.737817 0.55
0.741326 0.543667
0.736842 0.543333
0.733138 0.544333
0.730344 0.548889
0.733918 0.554167
0.72846 0.557
0.725796 0.552222
0.722083 0.549718
0.723389 0.543675
0.72807 0.540714
0.723048 0.536126
0.72807 0.532623
0.724598 0.527597
0.729694 0.524444
0.725542 0.518554
0.730019 0.514048
0.725498 0.508887
0.729678 0.507772
0.734845 0.512389
0.73854 0.514258
0.741182 0.516226
0.744601 0.515923
0.748485 0.516556
0.752408 0.516902
0.756315 0.518928
0.760826 0.518935
0.763158 0.524167
0.766259 0.520675
0.770346 0.521168
0.776779 0.520909
0.773392 0.525
0.769981 0.53
0.775244 0.530333
0.780702 0.530714
0.78499 0.533667
0.788986 0.531667
0.792398 0.528333
0.785575 0.526667
0.781241 0.522368
0.786587 0.521033
0.790554 0.518266
0.793929 0.520714
0.797271 0.525
0.80117 0.523333
0.798387 0.516505
0.803215 0.517161
0.808382 0.517
0.806284 0.512439
0.81122 0.511745
0.81484 0.511863
0.818757 0.509312
0.822485 0.50935
0.825736 0.505703
0.828983 0.507845
0.832164 0.509
0.834497 0.503205
0.836842 0.508333
0.838207 0.513333
0.842105 0.51
0.84071 0.503193
0.845566 0.505161
0.849903 0.503468
0.850487 0.509667
0.85401 0.504517
0.858043 0.504656
0.863447 0.503095
0.869712 0.504082
0.866472 0.508333
0.870258 0.510441
0.869874 0.516667
0.864133 0.513667
0.860234 0.509667
0.858025 0.515555
0.853801 0.515
0.849902 0.516667
0.846004 0.515
0.842105 0.518333
0.837882 0.521111
0.833658 0.517222
0.82911 0.518889
0.826511 0.513333
0.823197 0.517
0.818713 0.516667
0.81345 0.519667
0.808382 0.523
0.805653 0.527
0.80117 0.53
0.797271 0.533333
0.792398 0.536667
0.797271 0.54
0.800975 0.537667
0.803314 0.542333
0.798635 0.546333
0.792398 0.543333
0.78655 0.54
0.781259 0.541667
0.777778 0.536667
0.774074 0.537667
0.770955 0.539
0.766778 0.533571
0.762768 0.529667
0.75731 0.526667
0.751852 0.523
0.747563 0.525952
0.743665 0.523667
0.740546 0.525667
0.737329 0.525
0.733918 0.520714
0.733918 0.53
0.733918 0.536667
0.738596 0.535677
0.741715 0.5325
0.74399 0.538896
0.746784 0.534333
0.751462 0.536667
0.751852 0.530333
0.756823 0.5325
0.758285 0.536667
0.761988 0.537667
0.764721 0.541659
0.766082 0.546667
0.769786 0.545667
0.773879 0.546667
0.777583 0.545667
0.781676 0.55
0.7859 0.547222
0.788824 0.551111
0.793372 0.55
0.797271 0.551667
0.80117 0.553333
0.804094 0.55
0.807157 0.545952
0.811501 0.543667
0.817739 0.544167
0.821637 0.540714
0.826706 0.539
0.823977 0.533667
0.820078 0.529667
0.817349 0.533667
0.81514 0.538889
0.809941 0.536667
0.805718 0.533889
0.811891 0.529286
0.815302 0.525
0.818713 0.523333
0.823587 0.524048
0.82781 0.528889
0.831384 0.525
0.833333 0.530833
0.836452 0.527667
0.840156 0.531667
0.844194 0.525476
0.849902 0.522778
0.855333 0.525
0.861181 0.521667
0.865915 0.521667
0.870568 0.525469
0.868031 0.530333
0.863743 0.531
0.859454 0.529
0.852502 0.531111
0.847953 0.53
0.844249 0.534333
0.847953 0.536667
0.850877 0.539667
0.854776 0.539
0.857505 0.535667
0.862248 0.537778
0.868342 0.536237
0.870435 0.541667
0.869622 0.549135
0.865497 0.545
0.860624 0.545
0.857505 0.549
0.853801 0.546667
0.849485 0.548809
0.853801 0.553889
0.861014 0.553667
0.865497 0.553333
0.870918 0.558333
0.867121 0.558889
0.860624 0.56
0.855555 0.561
0.851852 0.56
0.847953 0.558333
0.844249 0.559
0.839961 0.559
0.836257 0.558333
0.832359 0.56
0.829045 0.563667
0.823977 0.563667
0.823587 0.57
0.829435 0.57
0.834308 0.568333
0.838207 0.568333
0.842105 0.566667
0.846004 0.566667
0.850877 0.567381
0.85705 0.567778
0.861598 0.568333
0.865302 0.565667
0.869592 0.566555
0.868414 0.573334
0.864035 0.575
0.858999 0.575556
0.853151 0.574444
0.85575 0.58
0.85032 0.581667
0.846199 0.581
0.847368 0.573
0.842755 0.574444
0.838856 0.577778
0.834113 0.577667
0.829435 0.577381
0.824561 0.576667
0.820013 0.575556
0.822027 0.583
0.826511 0.583333
0.831709 0.585555
0.836062 0.584333
0.839571 0.587
0.84308 0.584333
0.845354 0.591111
0.850487 0.590333
0.853996 0.587667
0.858674 0.585952
0.862898 0.582222
0.868414 0.58
0.868216 0.587723
0.867646 0.595776
0.863548 0.591667
0.859064 0.593
0.856725 0.598333
0.851852 0.598333
0.847953 0.598333
0.84269 0.597
0.838791 0.593
0.833333 0.593333
0.82846 0.591667
0.824561 0.591667
0.820078 0.593667
0.819298 0.587
0.815789 0.591
0.812865 0.593333
0.809162 0.595667
0.807018 0.591667
0.803704 0.597
0.79922 0.596667
0.796296 0.591667
0.791618 0.592333
0.787524 0.59
0.783626 0.591667
0.779727 0.591667
0.775828 0.59
0.772125 0.591
0.768031 0.585
0.77193 0.583333
0.775828 0.581667
0.779727 0.583333
0.783626 0.581667
0.787524 0.583333
0.791228 0.584333
0.795127 0.584333
0.799805 0.583
0.80117 0.59
0.804094 0.587667
0.807018 0.583333
0.811334 0.585
0.816114 0.581111
0.81345 0.576333
0.808967 0.576667
0.804873 0.577667
0.80117 0.576667
0.796296 0.576667
0.791228 0.575667
0.78694 0.576333
0.78655 0.57
0.782164 0.571667
0.779142 0.568333
0.774018 0.57119
0.779142 0.576333
0.77193 0.576667
0.767335 0.575952
0.765497 0.570333
0.762768 0.566333
0.757304 0.565831
0.758934 0.572222
0.754386 0.57
0.751072 0.566333
0.746264 0.565556
0.742105 0.570333
0.739376 0.566333
0.735867 0.572619
0.730994 0.57
0.726608 0.568333
0.723392 0.571
0.719389 0.568486
0.718228 0.57615
0.721443 0.579
0.725471 0.581111
0.727583 0.575
0.730799 0.577667
0.734243 0.581111
0.739376 0.580333
0.742105 0.576333
0.746589 0.575
0.750487 0.575
0.754579 0.577658
0.75809 0.581
0.762183 0.578333
0.764327 0.585667
0.759584 0.587778
0.75614 0.592333
0.752437 0.58999
0.748538 0.59
0.752011 0.583567
0.746004 0.583
0.743665 0.588333
0.737817 0.586667
0.731412 0.588333
0.726678 0.588333
0.721248 0.586667
0.717121 0.583415
0.717014 0.589815
0.722222 0.593333
0.726121 0.5975
0.730019 0.596667
0.733431 0.595
0.736842 0.595
0.741158 0.595
0.747174 0.596333
0.753021 0.597
0.749507 0.600829
0.754189 0.604343
0.750487 0.606676
0.746004 0.607
0.743339 0.602217
0.738596 0.604333
0.734893 0.603333
0.730019 0.604048
0.725146 0.603333
0.720663 0.600333
0.717349 0.596667
0.713829 0.595529
0.713706 0.603117
0.716767 0.606991
0.721248 0.606667
0.72613 0.610658
0.729241 0.615658
0.733528 0.617
0.733528 0.609667
0.736845 0.613329
0.740741 0.60999
0.744062 0.613665
0.748538 0.613333
0.752242 0.615667
0.755686 0.611111
0.760924 0.612613
0.766732 0.613889
0.76998 0.618333
0.774074 0.615667
0.778195 0.615
0.783041 0.617
0.788499 0.616667
0.788499 0.623333
0.782651 0.623333
0.776803 0.623333
0.770955 0.625556
0.766277 0.625667
0.761592 0.626327
0.763196 0.620033
0.757307 0.619287
0.756335 0.626667
0.750812 0.622222
0.745614 0.62
0.739766 0.619286
0.734893 0.623333
0.730019 0.623333
0.724561 0.620333
0.722682 0.61499
0.719493 0.614333
0.7154 0.615
0.711475 0.611869
0.710002 0.619259
0.71345 0.623333
0.717999 0.622222
0.720663 0.627
0.724951 0.627667
0.728395 0.631111
0.732943 0.63
0.737427 0.630333
0.740416 0.627222
0.745618 0.626663
0.751462 0.628889
0.753801 0.633667
0.758863 0.631667
0.759649 0.637
0.764327 0.634333
0.768031 0.635
0.771735 0.635667
0.776413 0.636333
0.773879 0.63
0.778752 0.63
0.783626 0.63
0.783041 0.636333
0.788109 0.636333
0.788499 0.63
0.793177 0.632333
0.79857 0.634444
0.80052 0.641111
0.795517 0.642333
0.792398 0.639167
0.788499 0.643333
0.783041 0.643667
0.779532 0.641
0.775828 0.643333
0.77193 0.643333
0.768031 0.643333
0.763938 0.642333
0.760234 0.643333
0.755033 0.641106
0.751462 0.642324
0.747957 0.636995
0.74562 0.632495
0.74269 0.636667
0.738791 0.636667
0.734893 0.636667
0.730994 0.638333
0.725564 0.638333
0.721247 0.635
0.717349 0.635
0.71345 0.64
0.709747 0.639
0.707115 0.645
0.708967 0.649
0.714425 0.648333
0.717544 0.644333
0.721247 0.645
0.725341 0.647667
0.72885 0.645667
0.734475 0.645
0.738791 0.643333
0.743665 0.643333
0.748343 0.645667
0.751852 0.650333
0.75653 0.649
0.761598 0.649667
0.766667 0.649667
0.772125 0.651
0.775828 0.65
0.779532 0.652333
0.783041 0.649667
0.787524 0.65
0.792073 0.648889
0.798252 0.649278
0.803119 0.648333
0.806823 0.649
0.809617 0.643889
0.812865 0.648333
0.818131 0.646991
0.81618 0.641659
0.821247 0.639667
0.820078 0.633667
0.825146 0.633667
0.829435 0.63
0.835283 0.630714
0.839181 0.635
0.84152 0.640333
0.835932 0.641111
0.831703 0.637222
0.827875 0.639667
0.823912 0.644437
0.827813 0.647767
0.831105 0.65119
0.834958 0.647778
0.838207 0.653333
0.843405 0.651111
0.840747 0.646327
0.846424 0.64358
0.852177 0.640556
0.848439 0.638343
0.851855 0.633338
0.846978 0.631672
0.842755 0.630556
0.84308 0.622619
0.83751 0.624048
0.832164 0.622333
0.82846 0.621679
0.824561 0.626667
0.820663 0.626667
0.816959 0.629
0.81352 0.624453
0.809617 0.628889
0.81462 0.635667
0.811113 0.635657
0.806043 0.638333
0.804093 0.632222
0.802534 0.627
0.796296 0.628333
0.793372 0.621667
0.797466 0.621
0.800682 0.621667
0.802534 0.616333
0.805556 0.621667
0.808479 0.621667
0.810916 0.616667
0.814815 0.616667
0.81725 0.619179
0.820661 0.61834
0.824561 0.618333
0.829435 0.613333
0.834308 0.615
0.838791 0.617
0.842105 0.613333
0.839181 0.61
0.836062 0.605667
0.832359 0.606667
0.82846 0.606667
0.823587 0.61
0.818296 0.607857
0.814815 0.61
0.810916 0.61
0.807018 0.611667
0.803119 0.61
0.797688 0.611667
0.793372 0.611667
0.788889 0.610333
0.78499 0.606333
0.782261 0.610333
0.778195 0.605
0.773229 0.608333
0.769786 0.605667
0.765757 0.603889
0.762768 0.607
0.758702 0.601667
0.761209 0.595667
0.764327 0.594333
0.767836 0.594333
0.77128 0.598889
0.775634 0.597667
0.781092 0.599667
0.78577 0.599
0.788986 0.598333
0.790448 0.604167
0.794347 0.600714
0.798895 0.604444
0.804093 0.603333
0.809552 0.603667
0.81306 0.601
0.816764 0.6
0.820663 0.6
0.823912 0.602778
0.827875 0.599667
0.832359 0.6
0.837622 0.599667
0.84152 0.603667
0.845029 0.605667
0.846978 0.610833
0.850552 0.607778
0.854776 0.605
0.859064 0.607
0.862183 0.599667
0.864912 0.603667
0.869133 0.605454
0.864522 0.61
0.858674 0.614048
0.853151 0.614444
0.846978 0.617381
0.849578 0.622778
0.853151 0.626111
0.8564 0.621111
0.862573 0.619286
0.867121 0.615556
0.870815 0.614813
0.874006 0.621171
0.87167 0.626111
0.867029 0.625
0.860234 0.626333
0.862897 0.631119
0.856722 0.632628
0.860624 0.638333
0.865497 0.638333
0.868096 0.633889
0.871345 0.636667
0.873782 0.634167
0.878558 0.633
0.87768 0.6375
0.882846 0.635667
0.885478 0.631667
0.889084 0.631
0.89326 0.630269
0.893219 0.636548
0.887589 0.638889
0.891481 0.643836
0.885575 0.646333
0.881676 0.643
0.877193 0.643333
0.87232 0.644048
0.868091 0.646117
0.862963 0.643667
0.85705 0.642222
0.853996 0.647667
0.850487 0.650333
0.8577 0.65
0.861598 0.65
0.864522 0.652333
0.868416 0.653338
0.87232 0.654167
0.875828 0.649667
0.880442 0.651111
0.88434 0.654444
0.88897 0.651507
0.886465 0.661137
0.880507 0.660333
0.876998 0.657667
0.87232 0.66
0.865984 0.659167
0.867446 0.663333
0.871345 0.666667
0.875661 0.667857
0.881676 0.666333
0.885378 0.671243
0.882066 0.674167
0.878655 0.671667
0.875049 0.677667
0.871345 0.675
0.867443 0.67166
0.864035 0.671667
0.862183 0.677
0.8577 0.676667
0.853216 0.676333
0.847953 0.673333
0.844055 0.673333
0.840351 0.674333
0.838207 0.68
0.840156 0.685
0.835607 0.685555
0.830214 0.682333
0.833008 0.677778
0.825861 0.678889
0.821637 0.683333
0.82716 0.687778
0.824366 0.692333
0.826186 0.698889
0.830734 0.696111
0.833008 0.691111
0.838207 0.693889
0.8423 0.689
0.846978 0.69
0.846978 0.684167
0.844645 0.679664
0.850555 0.681103
0.85348 0.686098
0.858114 0.685463
0.862569 0.68333
0.867864 0.681667
0.87232 0.685952
0.877193 0.683333
0.880442 0.680556
0.885145 0.681386
0.882872 0.688649
0.877778 0.689667
0.879826 0.694362
0.875823 0.69754
0.872142 0.702544
0.868811 0.697
0.87232 0.6925
0.867251 0.691
0.863743 0.691
0.860624 0.695667
0.8577 0.693333
0.852827 0.693333
0.852437 0.699667
0.847953 0.698333
0.843637 0.698333
0.840741 0.703667
0.836907 0.700556
0.830994 0.703
0.834308 0.708333
0.838207 0.711667
0.842523 0.711667
0.846004 0.706667
0.848441 0.709167
0.852437 0.707
0.856725 0.702619
0.861923 0.706111
0.863743 0.701
0.867446 0.703333
0.867827 0.709684
0.862629 0.714116
0.85835 0.711111
0.856011 0.716222
0.851267 0.713667
0.852168 0.720065
0.847935 0.720552
0.845029 0.717657
0.842124 0.721524
0.837886 0.720079
0.833253 0.716811
0.829885 0.71147
0.826303 0.708703
0.822449 0.704738
0.81962 0.697352
0.819688 0.69
0.813589 0.687561
0.816114 0.682222
0.812216 0.677222
0.807946 0.678254
0.803894 0.670881
0.802476 0.663909
0.807992 0.668333
0.811501 0.663
0.81306 0.669
0.816569 0.671
0.818908 0.675667
0.822417 0.674333
0.82781 0.672222
0.831384 0.667381
0.835839 0.671667
0.841138 0.666663
0.845354 0.663889
0.849253 0.666111
0.853216 0.663
0.853216 0.670333
0.858285 0.670333
0.862183 0.666333
0.8577 0.663333
0.861598 0.66
0.858285 0.656333
0.852827 0.656667
0.846979 0.655952
0.841135 0.658333
0.836907 0.662222
0.834113 0.657667
0.830409 0.66
0.826706 0.662333
0.823197 0.667
0.817739 0.664444
0.821247 0.660333
0.825211 0.655555
0.821312 0.652222
0.816764 0.655
0.811891 0.655555
0.807667 0.658889
0.803704 0.656333
0.79936 0.657967
0.794374 0.655176
0.792473 0.661197
0.789279 0.657667
0.7846 0.657381
0.779727 0.66
0.775411 0.658333
0.769331 0.655555
0.765887 0.659
0.762378 0.659
0.759259 0.655
0.75692 0.660333
0.752762 0.657222
0.748343 0.655667
0.743665 0.656667
0.743665 0.65
0.738374 0.651667
0.735543 0.657778
0.731969 0.652778
0.72807 0.655952
0.723197 0.655
0.719493 0.654333
0.716374 0.6575
0.712963 0.655
0.710039 0.655
0.706628 0.659286
0.711501 0.663333
0.716374 0.663333
0.716764 0.669667
0.723197 0.670556
0.721944 0.664048
0.727096 0.665
0.732247 0.664048
0.730994 0.670556
0.737538 0.669286
0.743665 0.67
0.739766 0.662619
0.745224 0.663
0.749512 0.665952
0.754191 0.665667
0.75809 0.667667
0.762183 0.666667
0.766082 0.668333
0.76998 0.665
0.773392 0.665
0.776478 0.668889
0.781352 0.665555
0.78577 0.665667
0.790399 0.666631
0.789945 0.673712
0.78538 0.674333
0.780702 0.673333
0.776023 0.679
0.780312 0.679667
0.787488 0.681331
0.783626 0.685
0.779031 0.687381
0.773684 0.685667
0.76998 0.688333
0.764782 0.687778
0.759584 0.691111
0.762378 0.695667
0.766732 0.695555
0.770175 0.699
0.773879 0.7
0.773879 0.693333
0.777778 0.693333
0.784144 0.692128
0.780412 0.697807
0.777388 0.701734
0.773843 0.706761
0.769929 0.707972
0.766105 0.711053
0.761036 0.713801
0.754986 0.715989
0.750486 0.715519
0.745735 0.716965
0.740035 0.716102
0.741715 0.71
0.737037 0.707667
0.73456 0.711515
0.730261 0.704558
0.733593 0.701111
0.737817 0.698333
0.740741 0.703333
0.744639 0.703333
0.747238 0.708889
0.750487 0.703333
0.753736 0.705
0.75653 0.709
0.760234 0.706667
0.764829 0.704048
0.758869 0.700333
0.754971 0.696333
0.749902 0.696333
0.746004 0.698333
0.741715 0.695
0.739376 0.689667
0.744444 0.689
0.747563 0.684048
0.749902 0.690333
0.754386 0.69
0.75731 0.685833
0.752437 0.681667
0.756335 0.68
0.760884 0.681111
0.766569 0.681667
0.769981 0.68
0.773392 0.675
0.769981 0.673333
0.764457 0.675555
0.759649 0.673667
0.754386 0.673333
0.749902 0.673
0.747173 0.677
0.742885 0.677667
0.738207 0.676333
0.739766 0.683333
0.735088 0.682333
0.732749 0.677667
0.729045 0.678333
0.725634 0.679167
0.723002 0.677667
0.719298 0.678333
0.7154 0.681667
0.719298 0.686667
0.723782 0.690333
0.726511 0.686333
0.731189 0.687667
0.734893 0.691667
0.729463 0.695
0.725198 0.697834
0.721186 0.69683
0.718092 0.692761
0.71329 0.689356
0.710716 0.683171
0.705598 0.676959
0.709357 0.675667
0.713775 0.674444
0.710136 0.668333
0.705653 0.668333
0.702074 0.666732
0.699552 0.660298
0.700768 0.654458
0.703461 0.650626
0.703271 0.643495
0.704764 0.637303
0.707217 0.633117
0.7141 0.631667
0.711014 0.628333
0.707399 0.626445
0.697665 0.624426
0.693539 0.625
0.698897 0.616885
0.694375 0.614524
0.690546 0.615
0.688527 0.620238
0.68421 0.618333
0.679762 0.617667
0.681287 0.60945
0.684405 0.607667
0.688527 0.608333
0.693539 0.605
0.700302 0.609016
0.698055 0.603996
0.6983 0.596724
0.694607 0.593889
0.691521 0.598333
0.687524 0.600333
0.6836 0.598137
0.688759 0.592222
0.685578 0.588185
0.690253 0.584333
0.694932 0.585952
0.699919 0.588154
0.702084 0.580675
0.697856 0.58
0.692657 0.577778
0.687539 0.57812
0.666425 0.581228
0.662768 0.583333
0.657895 0.58
0.662183 0.576333
0.667257 0.573188
0.668132 0.56703
0.661793 0.57
0.65692 0.573333
0.653021 0.573333
0.649702 0.56967
0.644249 0.57
0.639051 0.572222
0.634828 0.575556
0.630279 0.578889
0.634893 0.583
0.640629 0.579286
0.645029 0.579
0.648471 0.577212
0.652047 0.58
0.653996 0.584167
0.658869 0.586667
0.663494 0.589881
0.662308 0.597043
0.658869 0.593333
0.653996 0.595833
0.656335 0.600333
0.660092 0.605257
0.655945 0.608333
0.652826 0.612333
0.648705 0.611667
0.64191 0.610333
0.637232 0.609
0.633203 0.608889
0.631579 0.603333
0.626706 0.603333
0.620468 0.606333
0.6154 0.603
0.609941 0.601
0.606238 0.6
0.604873 0.605
0.599025 0.606333
0.593596 0.608683
0.597856 0.613
0.602339 0.61
0.606725 0.614167
0.608187 0.61
0.611891 0.607667
0.6154 0.610333
0.619883 0.613333
0.623782 0.611667
0.62768 0.61
0.629045 0.615
0.632066 0.618333
0.636127 0.617778
0.640741 0.616333
0.645224 0.618333
0.649123 0.62
0.653021 0.62
0.657065 0.618076
0.656779 0.626667
0.652047 0.626667
0.647368 0.627667
0.64308 0.625667
0.639571 0.624333
0.634178 0.625556
0.629827 0.624332
0.626706 0.626707
0.624458 0.620733
0.620078 0.622333
0.617446 0.618333
0.61306 0.617381
0.608772 0.620333
0.602757 0.618333
0.598441 0.62
0.593774 0.616702
0.59252 0.625105
0.596491 0.625
0.601364 0.626667
0.606043 0.625667
0.610136 0.626667
0.614689 0.625554
0.618518 0.629667
0.621637 0.634333
0.624756 0.631
0.627873 0.635676
0.631381 0.634339
0.634893 0.637
0.637102 0.631111
0.641326 0.635
0.645224 0.635
0.649318 0.635667
0.653021 0.635
0.656786 0.633344
0.6573 0.639783
0.659844 0.645
0.664195 0.642502
0.668695 0.641447
0.673489 0.643333
0.676413 0.64
0.673547 0.635099
0.678557 0.634333
0.682066 0.634333
0.676531 0.625718
0.680962 0.625556
0.685742 0.628333
0.690058 0.63
0.694128 0.632908
0.690413 0.637257
0.68551 0.637778
0.687285 0.643953
0.681676 0.643
0.678363 0.646667
0.683412 0.650043
0.680303 0.653319
0.678715 0.659944
0.673814 0.662222
0.67115 0.667
0.677126 0.670323
0.673164 0.674444
0.667966 0.672778
0.664717 0.67
0.661403 0.673667
0.661793 0.68
0.656725 0.678333
0.655556 0.683667
0.651072 0.683333
0.646756 0.685
0.641326 0.688333
0.637427 0.686667
0.632164 0.689667
0.627095 0.690333
0.624756 0.696667
0.628655 0.700833
0.630994 0.696333
0.635802 0.693889
0.638077 0.699444
0.641326 0.696667
0.645029 0.692333
0.650487 0.690333
0.654971 0.691667
0.659565 0.692619
0.661793 0.686667
0.668031 0.687
0.666472 0.681
0.670565 0.68
0.67611 0.681361
0.673513 0.687518
0.671947 0.694471
0.667641 0.6925
0.664522 0.695667
0.668126 0.701028
0.66389 0.705162
0.660597 0.708543
0.655309 0.711947
0.651076 0.71473
0.647435 0.718956
0.642732 0.720325
0.638321 0.722864
0.632898 0.72235
0.62988 0.727045
0.625 0.728099
0.622417 0.724333
0.617838 0.72794
0.603847 0.739055
0.607436 0.744666
0.612738 0.746649
0.609162 0.751667
0.615134 0.75296
0.613008 0.758289
0.607212 0.76
0.609552 0.763667
0.612086 0.768333
0.615659 0.767887
0.613698 0.774972
0.607769 0.771667
0.603704 0.766333
0.598858 0.768333
0.602339 0.773889
0.603592 0.780714
0.608187 0.78
0.611891 0.781
0.616098 0.782844
0.61306 0.788333
0.617338 0.792128
0.613896 0.797857
0.610136 0.793333
0.606238 0.791667
0.608187 0.786667
0.602339 0.788333
0.597856 0.786333
0.595192 0.792222
0.59909 0.795556
0.595127 0.800333
0.601364 0.800833
0.604288 0.796667
0.607602 0.800333
0.610331 0.805667
0.614685 0.805556
0.619324 0.803125
0.616569 0.811
0.618579 0.815006
0.62123 0.817608
0.618699 0.824069
0.616121 0.827374
0.612711 0.831236
0.608212 0.830764
0.604372 0.82799
0.601313 0.823556
0.600615 0.815637
0.604938 0.817778
0.608382 0.822333
0.61306 0.821667
0.611891 0.814333
0.607602 0.813
0.606238 0.806667
0.602534 0.807667
0.59856 0.807807
0.59365 0.806908
0.587602 0.80512
0.590838 0.799
0.587856 0.796539
0.585741 0.793014
0.584681 0.784782
0.588889 0.787667
0.592398 0.787667
0.597856 0.780333
0.595517 0.775833
0.592398 0.779
0.588694 0.78
0.584355 0.776621
0.583529 0.770228
0.588694 0.773333
0.593567 0.77
0.594542 0.763333
0.589669 0.764333
0.58655 0.765667
0.582509 0.762372
0.580244 0.756533
0.578599 0.7503
0.583496 0.750556
0.586745 0.755
0.590968 0.752222
0.592008 0.758333
0.596491 0.756667
0.598928 0.759167
0.602144 0.759
0.605263 0.755833
0.604288 0.75
0.598441 0.750556
0.60104 0.744444
0.596296 0.744333
0.592593 0.745
0.588044 0.744444
0.581871 0.743333
0.576711 0.744002
0.577637 0.736903
0.58192 0.734107
0.58577 0.738333
0.589181 0.735
0.592593 0.735
0.597076 0.737
0.600141 0.732948
0.596429 0.728485
0.592008 0.727
0.58655 0.729
0.582945 0.726264
0.58812 0.723006
0.592436 0.718964
0.586636 0.716627
0.589528 0.710696
0.602992 0.708445
0.607212 0.707381
0.612086 0.706667
0.61345 0.711667
0.609941 0.715667
0.606161 0.716886
0.611187 0.724096
0.614685 0.721111
0.620468 0.719667
0.616959 0.715833
0.617934 0.71
0.62225 0.71119
0.625536 0.714333
0.62833 0.718889
0.631579 0.713333
0.636174 0.715952
0.641131 0.712333
0.645224 0.713333
0.647661 0.708333
0.650877 0.705667
0.656335 0.706333
0.659844 0.7
0.653996 0.7
0.649708 0.696333
0.645874 0.701111
0.642625 0.705555
0.637427 0.708333
0.633528 0.705
0.628655 0.707381
0.623782 0.703333
0.619883 0.701667
0.615984 0.701667
0.612086 0.7
0.607992 0.699
0.604289 0.698333
0.600142 0.70027
0.599622 0.69327
0.598066 0.686603
0.602339 0.685
0.605588 0.689444
0.610136 0.691667
0.614035 0.693333
0.616472 0.690833
0.620301 0.691667
0.623197 0.686333
0.62768 0.683333
0.632554 0.683333
0.638402 0.68
0.643925 0.678889
0.641326 0.673333
0.637427 0.673333
0.632554 0.676667
0.627095 0.676333
0.623782 0.68
0.619688 0.681
0.616179 0.681
0.61306 0.685
0.609162 0.683333
0.611501 0.677
0.606238 0.68
0.602339 0.676667
0.605263 0.673333
0.607602 0.668333
0.610136 0.671667
0.61423 0.671
0.617934 0.671667
0.622417 0.673
0.622807 0.666667
0.62768 0.67
0.631384 0.667667
0.634016 0.669167
0.637427 0.666667
0.6423 0.666667
0.646524 0.671111
0.650097 0.676667
0.655621 0.672222
0.651657 0.669667
0.651072 0.663333
0.646978 0.662333
0.64295 0.659444
0.641326 0.655
0.638791 0.650333
0.645224 0.649444
0.648148 0.654333
0.651267 0.655667
0.654776 0.657667
0.656595 0.662778
0.660169 0.666111
0.665302 0.663667
0.661793 0.657381
0.666862 0.657667
0.67037 0.657667
0.675439 0.655833
0.675439 0.650833
0.67154 0.648333
0.667251 0.650333
0.662768 0.65
0.657895 0.651667
0.654776 0.647667
0.65149 0.644524
0.646199 0.643333
0.640072 0.642619
0.635478 0.645
0.631579 0.644987
0.627096 0.643667
0.623587 0.641
0.618912 0.64333
0.617349 0.637667
0.614035 0.635
0.610331 0.634333
0.605653 0.633
0.602144 0.635667
0.598928 0.635
0.595517 0.631667
0.592409 0.635568
0.596491 0.64
0.593256 0.644147
0.598928 0.645
0.602339 0.643333
0.607212 0.64
0.611111 0.645
0.606238 0.648333
0.602339 0.65
0.597953 0.651667
0.594324 0.651715
0.59577 0.659935
0.60039 0.656667
0.604289 0.656667
0.609487 0.654444
0.614174 0.650714
0.618259 0.652778
0.620858 0.649162
0.623978 0.652324
0.628096 0.651661
0.632944 0.653667
0.637427 0.656667
0.635965 0.660833
0.631579 0.66
0.62768 0.661667
0.623782 0.66
0.619298 0.659667
0.616309 0.662778
0.612086 0.661667
0.606888 0.662222
0.601754 0.663
0.600975 0.668333
0.596103 0.667338
0.598023 0.673571
0.597824 0.679966
0.579104 0.680241
0.57948 0.673298
0.575049 0.675
0.57115 0.675
0.567251 0.675
0.563353 0.673333
0.56377 0.681667
0.55848 0.68
0.560039 0.687
0.554971 0.686333
0.551462 0.689
0.547173 0.689667
0.540936 0.688333
0.537362 0.692222
0.532813 0.688889
0.52768 0.689667
0.522417 0.69
0.523782 0.695
0.526803 0.698333
0.529727 0.6975
0.532359 0.699
0.535867 0.699
0.54256 0.697778
0.546394 0.695
0.551072 0.697
0.555556 0.693333
0.559454 0.693333
0.564327 0.692619
0.567446 0.687667
0.570732 0.684524
0.575612 0.683654
0.575616 0.690345
0.572125 0.693333
0.568876 0.697778
0.573496 0.700656
0.571372 0.70864
0.566667 0.710333
0.562378 0.708333
0.566667 0.703667
0.563353 0.7
0.559454 0.701667
0.555556 0.701667
0.550682 0.703333
0.544834 0.704444
0.539961 0.703333
0.536647 0.707
0.531189 0.707381
0.533918 0.714333
0.537037 0.718333
0.539376 0.713
0.544444 0.715
0.545809 0.71
0.549708 0.71
0.554191 0.709667
0.558869 0.711667
0.55809 0.717
0.563353 0.716667
0.568089 0.717074
0.5645 0.722618
0.560041 0.724408
0.555406 0.724342
0.553801 0.719
0.550292 0.716333
0.548662 0.722353
0.545194 0.726643
0.54256 0.721111
0.539061 0.725561
0.533968 0.72372
0.529854 0.718216
0.526975 0.712309
0.523633 0.709337
0.524951 0.703667
0.520491 0.701254
0.517723 0.693787
0.517934 0.687
0.513083 0.685139
0.517154 0.681667
0.514837 0.676979
0.517581 0.671549
0.521832 0.669667
0.520468 0.676667
0.524951 0.677
0.522417 0.683333
0.526316 0.683333
0.530632 0.681667
0.536712 0.682222
0.540936 0.677381
0.544055 0.682333
0.547758 0.683333
0.552631 0.68
0.548408 0.675555
0.545614 0.671
0.54191 0.67
0.536712 0.671111
0.533918 0.675667
0.530214 0.673333
0.526511 0.671
0.52963 0.666333
0.533918 0.664333
0.530799 0.659667
0.524784 0.661667
0.520094 0.661972
0.504727 0.656175
0.503025 0.662973
0.499564 0.667657
0.497286 0.675111
0.494932 0.671
0.491423 0.671
0.487134 0.671
0.478947 0.673667
0.483431 0.675
0.488694 0.677
0.492761 0.681232
0.485965 0.683
0.488856 0.68785
0.485373 0.694173
0.480117 0.693
0.481152 0.697974
0.479313 0.703294
0.475452 0.707081
0.471735 0.703333
0.475634 0.698333
0.47076 0.695
0.467641 0.699
0.464133 0.701
0.459844 0.701
0.455166 0.702619
0.451267 0.698333
0.447044 0.702222
0.444444 0.696667
0.440351 0.697667
0.435023 0.697778
0.429825 0.693333
0.429828 0.686663
0.434696 0.688321
0.43892 0.691101
0.444022 0.688328
0.448343 0.691667
0.452437 0.691
0.457115 0.694048
0.462963 0.692619
0.466862 0.687381
0.47193 0.687667
0.475634 0.69
0.481481 0.687222
0.479857 0.681111
0.475634 0.681667
0.472153 0.677857
0.466862 0.68
0.461014 0.684048
0.456725 0.687
0.452242 0.683333
0.448535 0.682332
0.446193 0.677671
0.442077 0.678333
0.439181 0.683667
0.436452 0.677667
0.432749 0.678333
0.42885 0.68
0.426413 0.675
0.423002 0.675
0.419103 0.673333
0.417349 0.678333
0.418518 0.683667
0.423977 0.683333
0.423977 0.69
0.419103 0.69
0.41501 0.691
0.416569 0.697
0.421053 0.698333
0.424756 0.697667
0.426901 0.703333
0.430382 0.70119
0.435997 0.704444
0.442077 0.705
0.439181 0.710333
0.434503 0.712333
0.438012 0.717
0.443145 0.715555
0.447044 0.711111
0.450487 0.707667
0.455166 0.71
0.451267 0.716667
0.457115 0.716667
0.461988 0.712778
0.461403 0.707
0.467186 0.707778
0.470806 0.711634
0.466058 0.717783
0.46201 0.721441
0.458421 0.725598
0.454776 0.723
0.449318 0.723333
0.445094 0.721667
0.439961 0.723
0.436647 0.726667
0.433572 0.730312
0.43889 0.731556
0.442502 0.731122
0.44638 0.731043
0.450255 0.730688
0.454323 0.73001
0.458069 0.75352
0.452787 0.753531
0.44403 0.7525
0.438185 0.753074
0.435325 0.747969
0.432099 0.752222
0.4295 0.757778
0.433236 0.761667
0.437622 0.76
0.4423 0.759
0.446589 0.759
0.450097 0.759
0.454191 0.76
0.458154 0.76252
0.454776 0.767
0.449318 0.766667
0.44347 0.767381
0.437622 0.767381
0.435283 0.773667
0.44152 0.775
0.446394 0.775
0.450097 0.774333
0.455147 0.773122
0.452525 0.779956
0.44725 0.78333
0.442148 0.78344
0.438527 0.780365
0.434709 0.781804
0.430799 0.778333
0.427096 0.782333
0.430631 0.787309
0.423741 0.791073
0.419753 0.788889
0.422417 0.783
0.417154 0.783333
0.41384 0.787
0.410331 0.792619
0.4154 0.794333
0.418959 0.79687
0.413632 0.800377
0.409363 0.800418
0.404385 0.799952
0.404094 0.793667
0.399639 0.794903
0.394898 0.794335
0.391488 0.788889
0.396296 0.787
0.402144 0.786333
0.406433 0.788333
0.408772 0.783
0.41267 0.779667
0.417349 0.775667
0.421053 0.776667
0.425536 0.776333
0.427485 0.770333
0.431449 0.767778
0.426901 0.763333
0.423489 0.7675
0.421053 0.77
0.415854 0.767778
0.412281 0.772619
0.40699 0.775
0.403314 0.779
0.39896 0.781111
0.393112 0.778889
0.396686 0.775
0.399935 0.77
0.403314 0.769
0.407992 0.767
0.411956 0.762222
0.409162 0.757667
0.405263 0.761
0.401365 0.759
0.397661 0.76
0.392788 0.756667
0.392398 0.763
0.396686 0.765833
0.393762 0.77
0.389539 0.772778
0.38694 0.767381
0.382484 0.771667
0.377193 0.773333
0.372515 0.771
0.369006 0.773667
0.366797 0.767778
0.361598 0.77
0.356725 0.773333
0.352632 0.777667
0.35614 0.780333
0.360624 0.778333
0.364327 0.777667
0.367836 0.780333
0.367836 0.786333
0.37232 0.781667
0.376023 0.782333
0.379532 0.779667
0.384016 0.778333
0.386452 0.781667
0.389669 0.782333
0.384016 0.786667
0.379467 0.787778
0.37232 0.79
0.376023 0.792333
0.381416 0.794445
0.386615 0.792222
0.388961 0.798273
0.383155 0.801693
0.377193 0.8
0.377703 0.806365
0.374373 0.810008
0.369911 0.810947
0.366499 0.813148
0.363146 0.810364
0.358593 0.80736
0.35653 0.801
0.352624 0.801213
0.349472 0.79631
0.354776 0.793333
0.359324 0.794445
0.362155 0.801667
0.366277 0.801
0.369786 0.803667
0.372515 0.797667
0.368908 0.795
0.365172 0.792222
0.362378 0.787667
0.358674 0.786667
0.354776 0.786667
0.350877 0.788333
0.345638 0.791636
0.346979 0.786667
0.343373 0.783314
0.348928 0.778333
0.344444 0.777
0.340921 0.773972
0.340819 0.76665
0.345029 0.768333
0.348928 0.768333
0.352632 0.769
0.356075 0.765556
0.359649 0.763333
0.363548 0.760714
0.368616 0.761
0.37232 0.76
0.374074 0.765
0.378168 0.766667
0.381481 0.763
0.38694 0.76
0.382066 0.756667
0.376803 0.758333
0.377583 0.753
0.37232 0.753333
0.368421 0.751667
0.364522 0.751667
0.360819 0.751
0.35848 0.755667
0.354581 0.757667
0.350292 0.760333
0.345029 0.76
0.340799 0.760004
0.341906 0.754209
0.347953 0.755
0.351852 0.751667
0.355751 0.747381
0.348928 0.746667
0.345029 0.75
0.340567 0.748539
0.342685 0.743108
0.346491 0.741667
0.351527 0.741111
0.35614 0.739667
0.360624 0.741667
0.364522 0.741667
0.368616 0.742333
0.372125 0.745667
0.377193 0.746667
0.381871 0.747667
0.38499 0.752333
0.388564 0.751111
0.393762 0.75
0.398079 0.751667
0.398914 0.744048
0.403021 0.741667
0.404873 0.747
0.404483 0.753333
0.409162 0.749
0.411306 0.745
0.415789 0.746333
0.421053 0.746667
0.419688 0.751667
0.41384 0.753
0.416504 0.757778
0.419753 0.762222
0.423652 0.757778
0.425601 0.751111
0.427875 0.746667
0.430073 0.742909
0.425482 0.738059
0.423002 0.741667
0.418129 0.74
0.413255 0.74
0.408057 0.738889
0.404483 0.735
0.398635 0.735952
0.394347 0.733
0.394737 0.7275
0.388889 0.73
0.381092 0.730714
0.385315 0.735556
0.389864 0.736667
0.393762 0.741667
0.390058 0.744333
0.385965 0.743333
0.382066 0.74
0.378168 0.74
0.374269 0.74
0.376803 0.733667
0.372125 0.734333
0.367446 0.734048
0.361598 0.733333
0.356725 0.731667
0.353021 0.732333
0.347953 0.735
0.342844 0.735303
0.345815 0.72776
0.350642 0.727356
0.354556 0.722329
0.359324 0.723889
0.360088 0.71646
0.364327 0.717667
0.367057 0.721667
0.363158 0.727
0.368421 0.726667
0.37232 0.725
0.376218 0.725
0.381092 0.723333
0.38577 0.724333
0.389864 0.723333
0.393762 0.721667
0.392398 0.716333
0.398311 0.715556
0.395127 0.710333
0.391228 0.707
0.38694 0.705
0.383366 0.708889
0.388564 0.713889
0.3846 0.717
0.380312 0.715667
0.377518 0.712778
0.374074 0.715667
0.370858 0.715833
0.368421 0.713333
0.365391 0.709995
0.369863 0.705798
0.375634 0.707
0.372613 0.70135
0.376218 0.699552
0.380113 0.701319
0.384005 0.69973
0.389297 0.699778
0.394394 0.701481
0.398564 0.705357
0.401918 0.709411
0.404579 0.713976
0.406159 0.720119
0.401559 0.72
0.398311 0.724444
0.402534 0.728333
0.407407 0.728333
0.41114 0.730444
0.41423 0.734167
0.416099 0.727865
0.420221 0.732716
0.428903 0.726683
0.433723 0.722333
0.430799 0.72
0.4253 0.721152
0.420462 0.715431
0.426316 0.715
0.430994 0.712333
0.427875 0.709167
0.423489 0.709167
0.421053 0.706667
0.416457 0.710007
0.416179 0.703333
0.411552 0.703673
0.408661 0.697876
0.411501 0.694333
0.406324 0.692694
0.404382 0.686862
0.410331 0.685952
0.41345 0.681
0.408057 0.678889
0.403509 0.68
0.399741 0.680456
0.400195 0.673667
0.39647 0.67037
0.402859 0.667778
0.408057 0.667778
0.405458 0.673333
0.412281 0.673333
0.416179 0.668333
0.412606 0.664444
0.420078 0.664333
0.423197 0.665667
0.427225 0.664444
0.429505 0.67112
0.434118 0.66967
0.438791 0.671
0.44269 0.669
0.446388 0.67
0.450487 0.668333
0.446979 0.663
0.452242 0.663333
0.457115 0.663333
0.462573 0.663
0.466862 0.666667
0.461014 0.67
0.45614 0.67
0.451592 0.674444
0.454678 0.678333
0.457895 0.677667
0.461988 0.676667
0.466862 0.673333
0.47232 0.670333
0.475828 0.667667
0.480117 0.667
0.483626 0.664333
0.488304 0.662619
0.493177 0.661667
0.496589 0.661667
0.5 0.659167
0.498051 0.653333
0.491924 0.654048
0.487329 0.653333
0.484081 0.656111
0.479532 0.656667
0.47807 0.660833
0.47232 0.663
0.47232 0.657
0.467836 0.658333
0.462963 0.656667
0.457505 0.651667
0.456725 0.657
0.452242 0.655
0.448343 0.655
0.444639 0.654333
0.439961 0.650333
0.44386 0.646333
0.448538 0.645667
0.453216 0.646667
0.459064 0.645833
0.461988 0.65
0.466472 0.650333
0.471735 0.65
0.475634 0.651667
0.480507 0.65
0.486745 0.647
0.492203 0.646667
0.497076 0.646667
0.501559 0.646333
0.504288 0.650333
0.508545 0.64861
0.510704 0.642106
0.505848 0.640714
0.50039 0.640333
0.495127 0.64
0.491033 0.639
0.486745 0.639667
0.483236 0.642333
0.479532 0.643333
0.474659 0.643333
0.469136 0.644444
0.464912 0.641667
0.461014 0.636667
0.458674 0.640333
0.453216 0.64
0.449323 0.635831
0.446394 0.64
0.44191 0.639667
0.44347 0.633324
0.43879 0.632327
0.435188 0.631657
0.432261 0.635
0.429045 0.635667
0.424951 0.638333
0.421248 0.639
0.417154 0.641667
0.412281 0.643333
0.407407 0.643333
0.408382 0.65
0.41345 0.651
0.418129 0.65
0.422417 0.646333
0.426901 0.646667
0.430149 0.643889
0.435283 0.639667
0.437947 0.644444
0.433723 0.6475
0.433723 0.6525
0.436647 0.656667
0.44152 0.657778
0.439575 0.66334
0.433727 0.663337
0.431124 0.657778
0.427318 0.654524
0.422584 0.655
0.417572 0.658333
0.411631 0.657778
0.407895 0.659167
0.405458 0.656667
0.401884 0.661111
0.397856 0.662333
0.393511 0.663456
0.391783 0.656503
0.395711 0.655
0.400195 0.653667
0.403509 0.648333
0.39961 0.646667
0.395906 0.645667
0.391116 0.648809
0.392804 0.642507
0.399025 0.639667
0.403509 0.638333
0.408382 0.636667
0.41306 0.635667
0.408772 0.630333
0.403509 0.63
0.39961 0.631667
0.396199 0.631667
0.393126 0.636098
0.389864 0.631667
0.384665 0.627778
0.379142 0.627381
0.382066 0.633333
0.386639 0.636286
0.382457 0.640589
0.378363 0.639
0.375569 0.634444
0.373294 0.629167
0.369786 0.631667
0.369006 0.637
0.364522 0.636667
0.360819 0.637667
0.356075 0.634444
0.351462 0.639667
0.345725 0.637381
0.346979 0.643333
0.350292 0.647
0.354581 0.645667
0.358025 0.642222
0.363938 0.643667
0.369396 0.644048
0.374074 0.642333
0.378936 0.646957
0.37515 0.651512
0.370565 0.652333
0.366667 0.652333
0.363548 0.649167
0.358674 0.65
0.355751 0.654444
0.360624 0.655
0.363223 0.658889
0.366472 0.663333
0.369396 0.661
0.373543 0.658598
0.372253 0.668039
0.368226 0.671
0.370405 0.677772
0.365822 0.679444
0.361988 0.677
0.356725 0.68
0.352242 0.679667
0.348278 0.682222
0.352827 0.686667
0.356725 0.686667
0.361041 0.685
0.367373 0.685902
0.364707 0.690307
0.361003 0.694895
0.355751 0.693333
0.350292 0.693667
0.347303 0.688889
0.343275 0.689
0.339766 0.686333
0.341715 0.680333
0.336257 0.680714
0.331969 0.683667
0.326511 0.684048
0.320663 0.684048
0.314815 0.68
0.320663 0.676667
0.317251 0.671667
0.31384 0.673333
0.310136 0.674333
0.307667 0.68
0.310136 0.685667
0.31384 0.688333
0.317544 0.689
0.323587 0.69
0.327485 0.693333
0.330734 0.690556
0.335283 0.69
0.333918 0.696333
0.339376 0.694333
0.344612 0.696905
0.351852 0.699167
0.356069 0.701448
0.349883 0.705408
0.345487 0.704176
0.341031 0.704573
0.33726 0.701434
0.332791 0.703329
0.32885 0.699667
0.326067 0.703428
0.319449 0.702942
0.322937 0.697778
0.318713 0.695555
0.313902 0.697753
0.31002 0.694472
0.305994 0.690933
0.303417 0.684516
0.300011 0.679958
0.303899 0.675667
0.299327 0.673269
0.298088 0.667423
0.301724 0.663758
0.305625 0.668333
0.309942 0.665
0.313645 0.665667
0.315984 0.661
0.320273 0.660333
0.319883 0.667667
0.323587 0.668333
0.32807 0.666333
0.333658 0.666111
0.330409 0.670833
0.326511 0.675952
0.331384 0.676667
0.335867 0.673667
0.340156 0.670714
0.344612 0.675
0.348928 0.671667
0.352827 0.673333
0.3577 0.673333
0.363548 0.669286
0.359649 0.664333
0.356725 0.666667
0.352827 0.666667
0.354776 0.66
0.349903 0.660714
0.346491 0.665
0.343567 0.665
0.338596 0.663667
0.335867 0.659667
0.332359 0.655833
0.32924 0.659
0.325536 0.658333
0.321832 0.654333
0.317154 0.653667
0.311306 0.657
0.305213 0.658568
0.307023 0.653213
0.309373 0.649676
0.31384 0.65
0.315302 0.645833
0.319688 0.646667
0.324236 0.647222
0.327485 0.65
0.329922 0.6475
0.333333 0.648333
0.337817 0.647
0.338207 0.653333
0.342941 0.657857
0.350292 0.653667
0.346004 0.651667
0.342885 0.647667
0.340156 0.6425
0.339766 0.637
0.335283 0.638333
0.330966 0.638809
0.324561 0.64
0.319688 0.64
0.315205 0.640333
0.309632 0.643647
0.311876 0.636952
0.315093 0.632067
0.319493 0.632333
0.323587 0.633333
0.32768 0.634333
0.330799 0.629667
0.325536 0.626667
0.321637 0.625
0.317129 0.624344
0.319083 0.616089
0.324283 0.614048
0.326121 0.619667
0.329435 0.623333
0.333528 0.622333
0.337817 0.623667
0.336257 0.63
0.341326 0.631
0.346004 0.629286
0.350682 0.632333
0.353801 0.628333
0.349903 0.623333
0.34373 0.622222
0.340481 0.617778
0.337557 0.613889
0.331245 0.615476
0.333333 0.61
0.328785 0.607778
0.321275 0.607699
0.322233 0.599432
0.325536 0.603333
0.330409 0.6
0.334698 0.603667
0.338596 0.607
0.342885 0.609
0.346004 0.605833
0.349903 0.609286
0.345517 0.615
0.349903 0.616667
0.354637 0.617381
0.358025 0.612222
0.363548 0.613333
0.368421 0.61
0.372125 0.609
0.374919 0.615556
0.369396 0.616667
0.364327 0.621
0.359649 0.62
0.3577 0.625833
0.360819 0.629
0.364522 0.63
0.367771 0.624444
0.373294 0.623333
0.378168 0.62
0.383041 0.62
0.387914 0.62
0.389376 0.624167
0.394347 0.626333
0.400585 0.623333
0.405653 0.624333
0.409552 0.622333
0.413255 0.62
0.406043 0.617
0.400195 0.617
0.395294 0.61881
0.391395 0.615
0.38499 0.613333
0.379699 0.611667
0.384016 0.606667
0.386452 0.604167
0.390188 0.607778
0.396296 0.610333
0.402534 0.610714
0.407602 0.611
0.411111 0.611
0.41423 0.613333
0.417349 0.615667
0.421702 0.614444
0.42885 0.616667
0.425607 0.619438
0.420858 0.622333
0.417154 0.623333
0.413255 0.626667
0.416179 0.631
0.419298 0.632333
0.423197 0.629
0.427318 0.628333
0.432749 0.626667
0.431384 0.621667
0.435673 0.619167
0.437947 0.624444
0.44347 0.626667
0.448993 0.628889
0.453216 0.630991
0.45614 0.633333
0.460036 0.629995
0.463938 0.633333
0.468486 0.634444
0.473099 0.637
0.478557 0.636667
0.482944 0.631667
0.486355 0.634167
0.490253 0.63
0.494152 0.633333
0.498051 0.635
0.50117 0.631
0.504873 0.633333
0.50731 0.630833
0.510721 0.63
0.513272 0.635625
0.515892 0.629376
0.515205 0.623667
0.518173 0.619559
0.510136 0.619667
0.507407 0.623667
0.503411 0.625
0.500975 0.62
0.498051 0.624333
0.495127 0.626667
0.490253 0.623333
0.48538 0.626667
0.479532 0.628333
0.475634 0.63
0.47076 0.628333
0.464912 0.626667
0.467836 0.62
0.463932 0.62
0.460234 0.621
0.457115 0.625
0.452242 0.623333
0.447044 0.621111
0.442495 0.62
0.439571 0.615
0.434698 0.613333
0.430994 0.611
0.427096 0.607667
0.423981 0.608995
0.416179 0.606667
0.420858 0.604333
0.424372 0.59967
0.429045 0.601
0.433398 0.604444
0.437622 0.608333
0.442495 0.61
0.445419 0.612333
0.449643 0.615556
0.454191 0.618333
0.45679 0.614444
0.462959 0.61333
0.468811 0.613333
0.47076 0.607778
0.465884 0.606662
0.461988 0.606667
0.458285 0.607667
0.454386 0.604333
0.452047 0.609
0.447758 0.606333
0.441131 0.603667
0.436229 0.598333
0.432749 0.593333
0.429825 0.595
0.424954 0.593329
0.421053 0.593333
0.417804 0.597778
0.41423 0.599
0.410721 0.603667
0.408382 0.599167
0.405263 0.602333
0.401559 0.603333
0.397856 0.604333
0.393957 0.602333
0.400585 0.596667
0.406433 0.593333
0.411306 0.591667
0.415205 0.59
0.417641 0.5875
0.421702 0.585555
0.426582 0.587782
0.430604 0.585667
0.434698 0.586667
0.438012 0.590333
0.440546 0.595
0.442982 0.598333
0.447368 0.6
0.452567 0.597778
0.458674 0.596333
0.459552 0.600833
0.463938 0.6
0.468803 0.599997
0.473879 0.604333
0.478557 0.606667
0.478557 0.6
0.483425 0.603343
0.484465 0.609791
0.482456 0.614167
0.478558 0.6125
0.475494 0.615952
0.47193 0.621
0.476218 0.623
0.481676 0.621
0.48603 0.618889
0.490233 0.615396
0.494152 0.618125
0.497801 0.614572
0.501537 0.609079
0.504456 0.615
0.509259 0.614167
0.510721 0.61
0.514295 0.613333
0.517934 0.609667
0.521587 0.61426
0.523925 0.607033
0.521053 0.603
0.516569 0.603333
0.512253 0.601667
0.507472 0.605556
0.504547 0.601075
0.508772 0.596667
0.505885 0.592143
0.509747 0.589167
0.51332 0.592222
0.516569 0.596667
0.521442 0.595952
0.526162 0.598149
0.524292 0.589957
0.517934 0.589667
0.518194 0.582778
0.515205 0.579667
0.511696 0.584167
0.508177 0.581474
0.510377 0.574265
0.51462 0.573333
0.518713 0.572333
0.515984 0.567
0.511272 0.56521
0.515594 0.56
0.51217 0.554643
0.516569 0.553333
0.513707 0.546667
0.513968 0.538915
0.518544 0.54551
0.52173 0.552206
0.520273 0.559
0.524447 0.560491
0.522173 0.566528
0.52274 0.573316
0.5227 0.581344
0.526241 0.584575
0.535698 0.5868
0.539961 0.586667
0.543659 0.585662
0.547953 0.589
0.551852 0.591
0.555556 0.591667
0.560039 0.593
0.563527 0.596549
0.561612 0.605119
0.558155 0.600556
0.553606 0.6
0.549708 0.596667
0.545809 0.596667
0.542327 0.594514
0.53801 0.594994
0.533864 0.597619
0.536062 0.603324
0.539961 0.605
0.54386 0.605
0.548343 0.603
0.547758 0.61
0.551657 0.608333
0.555361 0.607667
0.5577 0.612333
0.561375 0.613659
0.559673 0.622165
0.55653 0.62
0.552631 0.617381
0.547758 0.616667
0.54386 0.615
0.539543 0.615
0.535867 0.611
0.532334 0.608752
0.531199 0.618146
0.536062 0.62
0.534698 0.625
0.540156 0.624333
0.54386 0.623333
0.548733 0.623333
0.554191 0.626333
0.557723 0.630339
0.554581 0.633333
0.549708 0.63
0.546004 0.632333
0.542885 0.631
0.538012 0.631667
0.534305 0.634327
0.531185 0.627661
0.528297 0.62978
0.527206 0.637328
0.531183 0.636662
0.536712 0.642778
0.540156 0.639
0.54386 0.64
0.548343 0.640333
0.551072 0.636333
0.554745 0.640246
0.553706 0.646771
0.551139 0.652325
0.548083 0.647222
0.542885 0.646667
0.542495 0.653
0.537037 0.65
0.531676 0.6475
0.530792 0.643001
0.525903 0.644864
0.523424 0.652543
0.52807 0.654333
0.532164 0.653333
0.537037 0.656667
0.538661 0.664444
0.542885 0.661667
0.546784 0.657381
0.552314 0.661353
0.548733 0.665
0.551852 0.671
0.555579 0.671505
0.559454 0.671667
0.563306 0.665793
0.567251 0.665
0.57115 0.665
0.575634 0.667
0.57958 0.664674
0.577085 0.657768
0.573294 0.657667
0.568145 0.656532
0.569793 0.650343
0.574074 0.648333
0.57809 0.650522
0.580572 0.641155
0.576998 0.641667
0.570558 0.642626
0.573749 0.637222
0.572049 0.631234
0.57853 0.631667
0.582511 0.631235
0.583131 0.623236
0.578947 0.623333
0.574486 0.626346
0.574381 0.620004
0.574491 0.613411
0.579532 0.617
0.583551 0.614719
0.585164 0.607396
0.579365 0.608333
0.57486 0.606676
0.575465 0.600317
0.581092 0.601
0.585352 0.59995
0.595558 0.601508
0.59974 0.598889
0.603314 0.595
0.597503 0.592662
0.601717 0.587782
0.605751 0.588333
0.608382 0.592333
0.612086 0.591667
0.615335 0.596111
0.620533 0.599444
0.624756 0.596667
0.629954 0.595556
0.63506 0.598333
0.639794 0.601667
0.644249 0.605667
0.647173 0.603333
0.651072 0.601667
0.647173 0.596667
0.643692 0.594524
0.650097 0.5925
0.654386 0.589667
0.649123 0.586667
0.645224 0.586657
0.640741 0.586333
0.639182 0.592323
0.635475 0.589995
0.631581 0.588321
0.62703 0.585555
0.624366 0.590333
0.618908 0.590714
0.61501 0.585833
0.620468 0.583667
0.623132 0.578889
0.626056 0.573333
0.629142 0.571667
0.631579 0.568333
0.636842 0.567
0.633528 0.563333
0.638402 0.561111
0.640351 0.555
0.644639 0.557
0.644249 0.563333
0.649441 0.562776
0.651069 0.558333
0.655556 0.560333
0.655945 0.566667
0.660819 0.563333
0.665042 0.562222
0.670479 0.559263
0.665692 0.555
0.660819 0.555
0.657115 0.554333
0.652604 0.551667
0.649123 0.546111
0.647173 0.551667
0.643275 0.550009
0.64269 0.543667
0.638402 0.548341
0.635478 0.551667
0.632879 0.555563
0.629435 0.561
0.625734 0.563338
0.620533 0.562222
0.621976 0.568809
0.616179 0.564333
0.611111 0.5625
0.612086 0.568333
0.614685 0.572222
0.618908 0.575
0.615984 0.58
0.611891 0.579
0.608772 0.583667
0.608187 0.576667
0.603875 0.577862
0.599764 0.581
0.595885 0.57705
0.597865 0.571625
0.60062 0.567741
0.605263 0.570833
0.608187 0.566667
0.604294 0.56499
0.598274 0.560857
0.602339 0.56
0.605263 0.556667
0.608382 0.554333
0.612086 0.556667
0.615984 0.556667
0.619233 0.553889
0.623587 0.555667
0.627485 0.554333
0.624756 0.548333
0.630929 0.547778
0.635478 0.543333
0.638791 0.539667
0.644528 0.537381
0.649123 0.538333
0.653161 0.539286
0.656725 0.541
0.658285 0.547
0.66235 0.544524
0.667316 0.547778
0.671843 0.551356
0.67418 0.541296
0.670148 0.541667
0.666472 0.537667
0.662768 0.536667
0.658173 0.534048
0.663743 0.53
0.669591 0.530714
0.674052 0.532802
0.676282 0.52487
0.672515 0.523333
0.668616 0.521667
0.663743 0.523333
0.658452 0.525476
0.654971 0.523333
0.652826 0.529
0.649123 0.53
0.645224 0.53
0.6423 0.527667
0.637427 0.526667
0.639376 0.533333
0.635283 0.532333
0.632229 0.537778
0.629142 0.541667
0.625926 0.541
0.621832 0.543333
0.618583 0.546111
0.61306 0.549286
0.608772 0.546333
0.604289 0.548333
0.600877 0.548333
0.598765 0.552778
0.594737 0.552333
0.590225 0.555
0.594713 0.560877
0.591669 0.563821
0.588688 0.566895
0.584211 0.566333
0.58577 0.56
0.580247 0.561667
0.576998 0.558333
0.572904 0.557667
0.569201 0.56
0.565302 0.561667
0.561404 0.56
0.559942 0.564167
0.55614 0.559667
0.551345 0.560753
0.554581 0.566667
0.547661 0.567481
0.548726 0.574041
0.552632 0.5775
0.554971 0.573
0.560039 0.576333
0.559454 0.57
0.564266 0.569947
0.569087 0.56725
0.573749 0.565556
0.576413 0.570333
0.580897 0.57
0.583815 0.573338
0.586914 0.575561
0.582846 0.58
0.586562 0.585122
0.582846 0.586667
0.585943 0.592923
0.581871 0.594167
0.576673 0.594444
0.574432 0.589694
0.579435 0.588333
0.577583 0.583
0.573635 0.581914
0.577973 0.576667
0.572014 0.574042
0.564198 0.578333
0.562732 0.584863
0.559454 0.586667
0.556205 0.582222
0.551072 0.583
0.545999 0.580995
0.539961 0.58
0.537298 0.577457
0.54321 0.574444
0.539589 0.569771
0.539355 0.563544
0.544338 0.562264
0.540455 0.557052
0.539846 0.549211
0.543665 0.551
0.54664 0.55453
0.54971 0.549986
0.552956 0.552778
0.557505 0.553333
0.560754 0.550556
0.564652 0.552778
0.569201 0.551667
0.573099 0.55
0.572515 0.543667
0.567057 0.544333
0.562378 0.542619
0.556205 0.545556
0.553411 0.541
0.549708 0.543333
0.546002 0.544324
0.541763 0.541589
0.541584 0.531182
0.545386 0.535005
0.549708 0.536667
0.55117 0.5325
0.555556 0.533333
0.558804 0.537778
0.563938 0.533
0.566667 0.537
0.570663 0.538333
0.573684 0.533
0.576348 0.537778
0.581546 0.535556
0.584146 0.541111
0.579532 0.543667
0.576803 0.549
0.580897 0.551667
0.5846 0.552333
0.587394 0.547778
0.592593 0.546667
0.589669 0.540714
0.594737 0.541
0.598858 0.541667
0.602339 0.536667
0.605588 0.539444
0.609162 0.537
0.612281 0.539
0.615659 0.54
0.618908 0.535667
0.622482 0.534444
0.62703 0.532222
0.630929 0.528889
0.626706 0.523333
0.62225 0.525476
0.618421 0.525
0.615984 0.53
0.611111 0.53
0.606888 0.527222
0.602924 0.530333
0.597466 0.533333
0.592008 0.533667
0.587719 0.531667
0.583821 0.527381
0.578947 0.528333
0.574074 0.525952
0.569201 0.528333
0.565497 0.525667
0.561209 0.527667
0.556809 0.527381
0.551657 0.526667
0.546784 0.526667
0.541957 0.521667
0.545614 0.519
0.542633 0.512149
0.548257 0.512683
0.550292 0.520333
0.552632 0.515761
0.55553 0.513538
0.55987 0.514664
0.557505 0.520555
0.563384 0.518122
0.567442 0.517795
0.57181 0.518344
0.577018 0.518625
0.580904 0.518439
0.58538 0.519667
0.589279 0.523
0.592593 0.526667
0.596686 0.525667
0.600715 0.524444
0.604483 0.519
0.608187 0.518333
0.612086 0.521667
0.615789 0.521
0.618908 0.516667
0.622807 0.515
0.627095 0.517
0.631774 0.521
0.635283 0.521
0.639571 0.521
0.64386 0.519667
0.647823 0.522778
0.651072 0.52
0.655945 0.516667
0.660819 0.516667
0.665302 0.516333
0.672097 0.515
0.676664 0.515117
0.678525 0.507387
0.673099 0.507
0.668031 0.510333
0.664717 0.506667
0.661403 0.510333
0.659844 0.503333
0.656725 0.509
0.652826 0.511
0.649318 0.512333
0.645029 0.512333
0.641326 0.513333
0.637427 0.513333
0.634503 0.509167
0.632554 0.514167
0.62963 0.51
0.625731 0.51
0.628655 0.504167
0.633528 0.503333
0.638959 0.505
0.64308 0.504333
0.647173 0.506667
0.646589 0.499667
0.65149 0.502143
0.654553 0.497857
0.659844 0.496667
0.665042 0.497222
0.667154 0.501667
0.67037 0.501
0.674659 0.501
0.678664 0.5
0.675828 0.493667
0.680101 0.491765
0.675359 0.48777
0.671214 0.492237
0.668548 0.488618
0.664736 0.489667
0.659894 0.490173
0.654083 0.490497
0.648216 0.492812
0.643082 0.494538
0.639409 0.495559
0.6357 0.497175
0.630758 0.497923
0.625816 0.499935
0.622389 0.502963
0.620468 0.509667
0.617619 0.505986
0.613713 0.50618
0.61306 0.513333
0.608725 0.509053
0.603912 0.509663
0.601852 0.515
0.598472 0.514271
0.594606 0.513303
0.594542 0.52
0.590672 0.515559
0.585886 0.514333
0.580297 0.486901
0.585687 0.486164
0.590616 0.483959
0.595026 0.483568
0.598559 0.480606
0.602803 0.480828
0.606403 0.477514
0.610088 0.477561
0.614424 0.476831
0.619837 0.473989
0.624645 0.473157
0.63046 0.470529
0.63546 0.469898
0.637873 0.46715
0.64131 0.467667
0.64522 0.467563
0.649106 0.467441
0.653003 0.467095
0.656917 0.466622
0.661774 0.466586
0.666657 0.466492
0.670129 0.464306
0.675471 0.46491
0.679642 0.46817
0.682442 0.463251
0.679216 0.458222
0.673443 0.457741
0.668615 0.456834
0.664732 0.458648
0.660827 0.458816
0.656926 0.458927
0.653047 0.459233
0.648212 0.459719
0.643278 0.460014
0.638489 0.460184
0.63356 0.462343
0.629195 0.462848
0.624647 0.465952
0.61948 0.466252
0.616472 0.471667
0.612916 0.469025
0.607446 0.470604
0.601516 0.473596
0.595716 0.475561
0.591373 0.477377
0.58587 0.479614
0.580485 0.479855
0.576724 0.483623
0.572125 0.486617
0.572124 0.480404
0.566214 0.480315
0.567263 0.486586
0.562532 0.486247
0.556643 0.483521
0.560707 0.479494
0.554424 0.477106
0.550843 0.481948
0.548033 0.476842
0.54347 0.476931
0.526439 0.511722
0.522638 0.510016
0.522754 0.503939
0.518501 0.503583
0.515616 0.498177
0.496353 0.486544
0.491576 0.48369
0.486667 0.482029
0.482034 0.479033
0.477583 0.478427
0.473678 0.478095
0.469783 0.477932
0.465887 0.477929
0.461993 0.478019
0.458252 0.477573
0.45516 0.479473
0.451293 0.477463
0.446772 0.478893
0.441862 0.478622
0.4372 0.480618
0.432002 0.481734
0.427558 0.480927
0.423467 0.483543
0.418129 0.484813
0.413268 0.486511
0.409245 0.48812
0.40435 0.490634
0.398029 0.494296
0.371876 0.509713
0.369111 0.514494
0.366278 0.51063
0.361756 0.510469
0.361717 0.516374
0.356506 0.515013
0.35092 0.518561
0.34386 0.518799
0.337738 0.519694
0.340211 0.51369
0.334739 0.514517
0.331085 0.518201
0.328038 0.514588
0.322593 0.51383
0.315964 0.513538
0.318746 0.518222
0.324627 0.519418
0.321509 0.547491
0.325532 0.54861
0.329428 0.54871
0.334276 0.547067
0.339179 0.548963
0.344119 0.547047
0.344055 0.5525
0.341548 0.558333
0.337427 0.559
0.334308 0.554048
0.330019 0.557
0.325536 0.556667
0.32208 0.555446
0.323479 0.564877
0.327485 0.565
0.331969 0.563
0.336257 0.567381
0.342105 0.568333
0.345679 0.564444
0.347953 0.557381
0.352632 0.559
0.35614 0.556333
0.360429 0.555667
0.361988 0.549667
0.355751 0.55
0.349513 0.550333
0.350588 0.545412
0.354844 0.543709
0.359723 0.542747
0.365105 0.543554
0.369537 0.540245
0.370308 0.548239
0.369062 0.554442
0.365172 0.556111
0.371989 0.559635
0.378289 0.566449
0.374224 0.568821
0.369946 0.568344
0.366472 0.563333
0.362573 0.563333
0.3577 0.564048
0.351202 0.565556
0.354191 0.570333
0.353801 0.576667
0.35848 0.575667
0.360819 0.571
0.364327 0.571
0.367446 0.574167
0.367446 0.579167
0.37232 0.576667
0.376413 0.575667
0.380312 0.572333
0.38421 0.571
0.387719 0.569
0.383198 0.563478
0.389476 0.562909
0.392002 0.569028
0.396615 0.566699
0.403103 0.561667
0.40699 0.557857
0.400255 0.554994
0.403108 0.548333
0.407407 0.548333
0.412838 0.548333
0.411167 0.54119
0.405263 0.539
0.402061 0.538343
0.398967 0.542255
0.399319 0.532757
0.404402 0.528551
0.409357 0.53
0.407992 0.535
0.41345 0.534333
0.417349 0.535667
0.421053 0.533333
0.424464 0.535833
0.426901 0.533333
0.430799 0.533333
0.435115 0.535
0.441033 0.5325
0.447368 0.533333
0.452826 0.533667
0.453216 0.54
0.447368 0.54
0.442495 0.536667
0.439246 0.541111
0.434113 0.543667
0.430604 0.541
0.427096 0.542333
0.421378 0.541111
0.416959 0.544333
0.423002 0.546667
0.418518 0.550333
0.423587 0.553667
0.427875 0.550714
0.433445 0.550714
0.438402 0.549
0.44347 0.545952
0.448148 0.547667
0.453216 0.547381
0.45809 0.543333
0.461793 0.541
0.458739 0.535556
0.464587 0.534444
0.468486 0.531111
0.473879 0.527667
0.46998 0.524333
0.465887 0.521667
0.463938 0.526667
0.460039 0.526667
0.456335 0.529
0.451657 0.527
0.454191 0.521667
0.447693 0.524444
0.44308 0.527
0.438402 0.527667
0.434698 0.526667
0.430799 0.526667
0.426901 0.526667
0.422027 0.526667
0.415789 0.528333
0.410867 0.524597
0.416642 0.52205
0.42171 0.520267
0.426339 0.51868
0.430817 0.518617
0.436647 0.520555
0.435326 0.515249
0.441229 0.515479
0.44386 0.520333
0.447694 0.515345
0.452009 0.514962
0.456145 0.515533
0.4602 0.514435
0.462183 0.519
0.467118 0.515266
0.471437 0.515354
0.473684 0.52
0.477091 0.515429
0.478233 0.521667
0.482131 0.522778
0.485572 0.518478
0.48992 0.5229
0.493354 0.520279
0.495774 0.52481
0.493762 0.530333
0.487654 0.528889
0.482456 0.53
0.477388 0.531
0.473034 0.535556
0.480507 0.537381
0.48538 0.536667
0.489474 0.535667
0.493865 0.536568
0.493446 0.544762
0.489279 0.545
0.484405 0.543333
0.476608 0.542619
0.472222 0.545
0.468811 0.540714
0.465237 0.545556
0.460624 0.549667
0.456335 0.552333
0.450877 0.553667
0.44347 0.553333
0.446066 0.558896
0.450877 0.559667
0.453606 0.563667
0.453606 0.569667
0.45809 0.566667
0.462956 0.56667
0.463938 0.560556
0.457763 0.558894
0.461988 0.555
0.466537 0.554444
0.47076 0.551667
0.476608 0.55
0.481286 0.549
0.485965 0.550333
0.491758 0.553243
0.49045 0.560357
0.487134 0.557667
0.482456 0.556667
0.476608 0.556667
0.47076 0.56
0.470203 0.566429
0.476218 0.569667
0.476608 0.563333
0.482456 0.563333
0.488611 0.566332
0.485965 0.570333
0.481481 0.571667
0.485899 0.577096
0.482066 0.580333
0.47807 0.575
0.474334 0.578889
0.47154 0.574333
0.467641 0.572333
0.463935 0.573338
0.460039 0.575
0.456335 0.575667
0.452242 0.576667
0.448928 0.573
0.44709 0.567381
0.44217 0.564444
0.439247 0.558894
0.435283 0.556333
0.429825 0.559286
0.424366 0.559667
0.420078 0.561667
0.417739 0.556333
0.411631 0.555556
0.413395 0.562143
0.409774 0.568333
0.405656 0.568994
0.401633 0.56847
0.400195 0.573667
0.395711 0.573333
0.391813 0.576667
0.386615 0.578889
0.382554 0.578333
0.378817 0.582222
0.374269 0.585
0.37037 0.583333
0.368908 0.5875
0.369396 0.593333
0.374269 0.593333
0.379142 0.59
0.383041 0.585833
0.38616 0.589
0.390448 0.589667
0.390838 0.583333
0.396296 0.583667
0.399025 0.579667
0.404808 0.577778
0.408707 0.579444
0.411793 0.575
0.415789 0.573667
0.417293 0.567857
0.422027 0.573333
0.423977 0.567778
0.427875 0.565833
0.430998 0.569005
0.435026 0.564454
0.436062 0.570333
0.440351 0.571
0.443145 0.575556
0.447044 0.580556
0.450292 0.583333
0.455166 0.583333
0.460039 0.583333
0.463938 0.581667
0.468249 0.581672
0.47271 0.586667
0.477583 0.585
0.482864 0.586612
0.483429 0.594994
0.478557 0.593333
0.473684 0.595
0.469585 0.592329
0.465887 0.591667
0.462183 0.591
0.45809 0.59
0.454386 0.591
0.450292 0.59
0.447368 0.594167
0.445094 0.588889
0.4423 0.584333
0.438272 0.582222
0.436062 0.576333
0.432749 0.58
0.429182 0.575559
0.425605 0.579449
0.419688 0.579667
0.415205 0.58
0.412281 0.584167
0.407407 0.586667
0.403314 0.585667
0.40026 0.589444
0.395851 0.592619
0.3923 0.595
0.389669 0.599
0.385965 0.596667
0.382554 0.595
0.377583 0.597
0.381092 0.601667
0.37768 0.605
0.374464 0.604333
0.371345 0.599167
0.368226 0.602333
0.364522 0.605
0.360624 0.606667
0.355426 0.605556
0.352242 0.601667
0.350877 0.596667
0.345614 0.593667
0.346004 0.6
0.341131 0.598333
0.336907 0.597778
0.333333 0.593333
0.328843 0.593668
0.32342 0.591667
0.32729 0.587667
0.331189 0.584333
0.334698 0.588333
0.340156 0.589286
0.345029 0.585
0.348928 0.588333
0.353801 0.590714
0.3577 0.595
0.360039 0.600333
0.363938 0.596333
0.363548 0.59
0.363938 0.583667
0.361598 0.58
0.35848 0.585667
0.353801 0.583333
0.348603 0.578889
0.347118 0.572619
0.339506 0.574444
0.34178 0.580555
0.337232 0.583333
0.334633 0.577778
0.332359 0.573333
0.330409 0.57
0.324555 0.574054
0.32813 0.578897
0.323392 0.582333
0.309319 0.584843
0.304678 0.589667
0.307506 0.594491
0.302794 0.598889
0.304613 0.604725
0.3 0.605667
0.294618 0.605866
0.296733 0.598256
0.29961 0.593
0.299124 0.586348
0.303444 0.582222
0.29964 0.577561
0.306238 0.577667
0.309818 0.576704
0.30852 0.569571
0.303444 0.571111
0.3 0.567667
0.305098 0.563336
0.300195 0.558333
0.304625 0.555876
0.30585 0.548572
0.302144 0.546667
0.299418 0.550359
0.29758 0.541878
0.300195 0.54
0.304142 0.539916
0.30046 0.533659
0.294139 0.53003
0.296491 0.527667
0.300234 0.52693
0.297884 0.519475
0.29454 0.519009
0.290678 0.521018
0.287939 0.514106
0.29287 0.513064
0.292301 0.506594
0.288499 0.506667
0.284342 0.509501
0.278389 0.507663
0.282456 0.504333
0.287054 0.499776
0.281775 0.495346
0.278103 0.498889
0.274854 0.503333
0.270955 0.505
0.266082 0.506667
0.261858 0.501111
0.267057 0.5
0.27193 0.496667
0.274819 0.491541
0.265895 0.453844
0.265312 0.465262
0.268583 0.49161
0.264202 0.494055
0.258107 0.496518
0.253442 0.49834
0.24954 0.498758
0.245666 0.499385
0.240896 0.501215
0.236344 0.505
0.231387 0.504295
0.232554 0.510333
0.228265 0.512333
0.225057 0.509078
0.21954 0.512893
0.223522 0.517778
0.226316 0.522333
0.229825 0.522333
0.232164 0.517667
0.235867 0.518333
0.240741 0.516667
0.239181 0.510333
0.243665 0.508333
0.247368 0.507667
0.251462 0.506667
0.255556 0.505667
0.259064 0.507667
0.261858 0.512222
0.25601 0.514444
0.250487 0.514048
0.246032 0.518333
0.249095 0.525
0.253411 0.521667
0.257505 0.525
0.259259 0.52
0.264133 0.5175
0.267251 0.514333
0.27076 0.515667
0.273392 0.511667
0.276795 0.513319
0.275439 0.519667
0.278311 0.523528
0.2796 0.530088
0.273554 0.528889
0.270955 0.523333
0.268519 0.525833
0.264133 0.523333
0.263743 0.529667
0.266082 0.534333
0.269656 0.535556
0.273554 0.539444
0.276608 0.535667
0.281324 0.53678
0.282634 0.543333
0.278947 0.544333
0.274269 0.547
0.269591 0.543667
0.267381 0.548889
0.27193 0.553333
0.276998 0.552333
0.283364 0.551088
0.280702 0.553333
0.280691 0.559449
0.283212 0.564723
0.278168 0.567
0.275828 0.562333
0.272904 0.56
0.268031 0.558333
0.264522 0.563667
0.262183 0.559167
0.262573 0.553
0.25796 0.554444
0.254386 0.556333
0.250487 0.555833
0.246589 0.556333
0.250097 0.563
0.245029 0.563667
0.241131 0.560333
0.236517 0.564444
0.240741 0.568333
0.237817 0.573333
0.240741 0.578333
0.235543 0.58
0.232164 0.582333
0.22807 0.585
0.230994 0.59
0.237232 0.589667
0.239181 0.585
0.245029 0.587
0.244152 0.5825
0.250097 0.583
0.254711 0.585555
0.258285 0.580714
0.261696 0.585
0.266082 0.583333
0.27193 0.582619
0.268031 0.576667
0.263158 0.576667
0.257895 0.573667
0.253411 0.576667
0.248538 0.576667
0.24386 0.574333
0.246979 0.569667
0.252437 0.569286
0.255556 0.564333
0.259064 0.564333
0.262183 0.57
0.268031 0.568333
0.272208 0.570238
0.276803 0.573333
0.281294 0.572446
0.275439 0.578333
0.280346 0.581509
0.276218 0.587
0.278568 0.591989
0.274158 0.596429
0.26998 0.590714
0.265107 0.59
0.259844 0.590333
0.257895 0.595
0.255361 0.6
0.252047 0.596333
0.252047 0.590333
0.248051 0.591667
0.245419 0.595667
0.24191 0.594333
0.237232 0.597
0.233723 0.594333
0.230214 0.597667
0.226121 0.596667
0.224496 0.591111
0.219298 0.59
0.213775 0.590556
0.209872 0.592221
0.205653 0.597381
0.201365 0.600333
0.197076 0.597667
0.194737 0.602333
0.191033 0.603333
0.189571 0.599167
0.184535 0.600556
0.180702 0.603667
0.175439 0.6
0.178363 0.597667
0.181287 0.593333
0.178687 0.588333
0.175634 0.585667
0.170565 0.586667
0.166342 0.591111
0.172904 0.593
0.17089 0.598333
0.167836 0.601
0.164327 0.603667
0.159649 0.604333
0.155945 0.606667
0.151072 0.607667
0.148343 0.611
0.153411 0.613667
0.157895 0.615
0.162378 0.616333
0.162768 0.61
0.167966 0.611111
0.17219 0.607222
0.176088 0.608889
0.179825 0.611667
0.183561 0.611111
0.187784 0.607778
0.192398 0.610333
0.18616 0.616667
0.192398 0.616333
0.196881 0.62
0.20078 0.623333
0.204678 0.623333
0.209156 0.626997
0.204678 0.63
0.200975 0.631
0.197368 0.628333
0.193957 0.625
0.190546 0.621667
0.187135 0.623333
0.183041 0.622333
0.178641 0.622619
0.177388 0.616667
0.173489 0.618333
0.169591 0.618333
0.165692 0.62
0.161793 0.623333
0.157895 0.623333
0.153578 0.62119
0.149123 0.623333
0.143665 0.626333
0.141329 0.631116
0.146394 0.632333
0.149903 0.631
0.153996 0.631667
0.15848 0.629667
0.162443 0.632222
0.166277 0.637
0.168941 0.632222
0.166277 0.626333
0.17154 0.626667
0.174464 0.629
0.177583 0.632333
0.182261 0.630714
0.187329 0.631
0.191033 0.63
0.194932 0.633333
0.198246 0.637
0.204678 0.636667
0.208574 0.633329
0.212476 0.633333
0.216179 0.632333
0.219695 0.636998
0.221897 0.631111
0.227096 0.633333
0.226706 0.639667
0.231481 0.6375
0.233918 0.64
0.237167 0.644444
0.24269 0.642222
0.241066 0.636111
0.237167 0.634445
0.234503 0.629667
0.230214 0.627667
0.226121 0.625
0.222228 0.623333
0.218129 0.625667
0.21423 0.624333
0.211011 0.621676
0.207602 0.619167
0.207992 0.613667
0.201754 0.616667
0.197466 0.613
0.198246 0.607
0.202729 0.608333
0.20614 0.608333
0.209546 0.605836
0.209935 0.600332
0.21423 0.602333
0.216569 0.597667
0.220598 0.597778
0.223197 0.603333
0.228655 0.603667
0.235171 0.604048
0.240416 0.602222
0.245614 0.603333
0.249318 0.602333
0.252437 0.605667
0.25796 0.605556
0.262183 0.6075
0.266082 0.603333
0.261858 0.598889
0.266472 0.596333
0.27076 0.601
0.276998 0.602333
0.280427 0.602376
0.279727 0.609167
0.276608 0.612333
0.271605 0.614444
0.27258 0.607778
0.266639 0.611667
0.261793 0.613667
0.257115 0.614333
0.253606 0.612333
0.249513 0.613333
0.246199 0.609667
0.24139 0.608889
0.244246 0.616338
0.23957 0.617679
0.236512 0.615013
0.233722 0.611012
0.230218 0.611011
0.226121 0.61
0.222222 0.61
0.217906 0.608333
0.212279 0.611002
0.215075 0.615556
0.219298 0.618333
0.223589 0.616342
0.228268 0.617673
0.232164 0.621
0.235867 0.623333
0.239961 0.625667
0.243173 0.625
0.246101 0.621667
0.24993 0.62119
0.254386 0.622619
0.260234 0.62
0.264689 0.622143
0.269424 0.621667
0.275828 0.62
0.281287 0.617
0.28396 0.612421
0.287858 0.616225
0.291313 0.611479
0.296621 0.613333
0.300218 0.614
0.29412 0.619217
0.294257 0.62764
0.290448 0.625
0.285575 0.624048
0.280702 0.623333
0.276803 0.628333
0.272904 0.628333
0.269006 0.631667
0.265107 0.631667
0.261404 0.632333
0.258609 0.627778
0.256335 0.635
0.253216 0.631
0.249513 0.63
0.244958 0.631115
0.248534 0.636663
0.248928 0.643
0.252924 0.645
0.254386 0.64
0.259259 0.641667
0.263158 0.641667
0.268031 0.64
0.268421 0.646333
0.272904 0.643333
0.277778 0.642619
0.274436 0.636428
0.281676 0.637381
0.281676 0.63
0.287199 0.632222
0.291165 0.635765
0.2859 0.641111
0.289527 0.644094
0.286454 0.649847
0.282651 0.648333
0.278752 0.65
0.274529 0.650556
0.27037 0.653
0.27258 0.658889
0.278942 0.657639
0.282878 0.656906
0.276917 0.662865
0.273903 0.668293
0.269981 0.664333
0.266862 0.665667
0.262573 0.666333
0.259844 0.670333
0.265692 0.673
0.270207 0.673949
0.265584 0.680228
0.261404 0.677667
0.258285 0.679
0.252047 0.677
0.255556 0.672333
0.252437 0.667381
0.248213 0.671111
0.244639 0.675
0.2423 0.669667
0.237817 0.668333
0.234113 0.671
0.231774 0.675667
0.228265 0.679
0.224589 0.682143
0.220273 0.681667
0.216374 0.678333
0.212281 0.679
0.208577 0.678333
0.204873 0.677667
0.200195 0.675
0.19883 0.67
0.202924 0.667667
0.206628 0.668333
0.210526 0.67
0.21423 0.671
0.218519 0.671
0.222222 0.671667
0.226121 0.673333
0.227745 0.667778
0.231774 0.664333
0.235217 0.660551
0.239961 0.661
0.243665 0.661667
0.247368 0.662333
0.249188 0.657222
0.253411 0.658333
0.25731 0.661667
0.262183 0.66
0.267057 0.656667
0.264912 0.651
0.261404 0.651
0.258285 0.653
0.255556 0.649
0.250097 0.650333
0.245809 0.647667
0.243468 0.652324
0.239766 0.651654
0.235283 0.653667
0.232619 0.648889
0.22872 0.645555
0.223592 0.646997
0.222222 0.641667
0.218326 0.643329
0.214912 0.645
0.21345 0.639167
0.210526 0.643333
0.207602 0.640991
0.202729 0.641667
0.200585 0.645667
0.196296 0.643
0.193567 0.647
0.189084 0.643333
0.191683 0.637778
0.185835 0.637778
0.183821 0.643667
0.178038 0.644444
0.180312 0.638333
0.174139 0.637778
0.171345 0.642333
0.167641 0.643333
0.162443 0.642222
0.158869 0.637667
0.155945 0.64
0.151852 0.639
0.147173 0.64
0.140682 0.637774
0.136452 0.635
0.132554 0.635
0.128237 0.638333
0.123225 0.641667
0.118254 0.643891
0.120159 0.65153
0.123782 0.649167
0.12807 0.646333
0.132554 0.645
0.136452 0.643333
0.141656 0.644435
0.145549 0.648889
0.149448 0.647222
0.153021 0.651667
0.155361 0.646333
0.159194 0.649444
0.164717 0.649286
0.169591 0.651667
0.174464 0.649286
0.180312 0.651667
0.184211 0.649167
0.18681 0.652778
0.190838 0.652333
0.194737 0.654333
0.198635 0.652333
0.202922 0.652327
0.206427 0.648995
0.209877 0.652778
0.21345 0.651
0.218324 0.65
0.216959 0.656333
0.222222 0.653333
0.22677 0.65388
0.229826 0.657658
0.224589 0.661667
0.220273 0.661667
0.216374 0.663333
0.212476 0.661667
0.208772 0.661
0.204873 0.659
0.200583 0.660994
0.197074 0.660991
0.194734 0.665661
0.190708 0.662778
0.187719 0.659667
0.182651 0.663667
0.181871 0.658333
0.177583 0.657667
0.173489 0.658333
0.169591 0.66
0.164717 0.656667
0.159259 0.656333
0.15575 0.659
0.151852 0.659
0.14815 0.658321
0.144446 0.658991
0.142105 0.654333
0.138402 0.653333
0.13694 0.649167
0.133528 0.653333
0.130409 0.655667
0.126288 0.655
0.122385 0.659224
0.126706 0.663333
0.130604 0.663333
0.134503 0.66
0.138986 0.660333
0.135965 0.665833
0.140351 0.666667
0.144249 0.666667
0.149123 0.666667
0.149123 0.674048
0.154581 0.676333
0.157895 0.68
0.160823 0.676991
0.163743 0.68
0.168612 0.679994
0.174073 0.679662
0.17154 0.673333
0.166667 0.673333
0.160429 0.670333
0.155366 0.67033
0.154488 0.665826
0.159844 0.663333
0.163548 0.665667
0.166667 0.664333
0.170955 0.667
0.176413 0.665952
0.176413 0.673333
0.181287 0.671667
0.18538 0.669
0.189277 0.670991
0.1933 0.672219
0.196231 0.678889
0.191618 0.680333
0.18733 0.677656
0.183881 0.679436
0.179531 0.680988
0.177193 0.685667
0.172515 0.686667
0.166667 0.686667
0.161793 0.686667
0.157895 0.686667
0.153411 0.688333
0.152372 0.682222
0.147498 0.682222
0.141326 0.68
0.144444 0.674333
0.139766 0.673
0.135867 0.676333
0.134503 0.67
0.13002 0.669667
0.124771 0.668437
0.12827 0.675611
0.131848 0.680277
0.136591 0.684524
0.1423 0.686667
0.145711 0.688333
0.149123 0.692619
0.152697 0.698889
0.15692 0.693333
0.162378 0.693
0.165205 0.698333
0.167836 0.694333
0.172125 0.693
0.175634 0.695667
0.179142 0.695667
0.184211 0.694167
0.181287 0.69
0.1846 0.686333
0.188109 0.690833
0.190448 0.686333
0.195906 0.686667
0.201365 0.681667
0.203147 0.686905
0.208772 0.687667
0.212476 0.686667
0.216374 0.688333
0.220078 0.691
0.225146 0.69
0.229045 0.694167
0.232456 0.691667
0.235867 0.693333
0.239961 0.692333
0.244082 0.691667
0.236842 0.686667
0.230669 0.685555
0.234893 0.680833
0.238791 0.677381
0.24191 0.682333
0.246589 0.681667
0.248538 0.6875
0.251462 0.683333
0.255556 0.684333
0.25979 0.686824
0.25384 0.691536
0.249811 0.694306
0.246693 0.69835
0.243313 0.70165
0.23971 0.70246
0.236062 0.701
0.232164 0.701
0.23463 0.708516
0.229295 0.707309
0.227547 0.713391
0.223587 0.709667
0.220803 0.714693
0.216359 0.714853
0.211826 0.712778
0.211564 0.719644
0.206586 0.718385
0.202884 0.71966
0.197515 0.721464
0.192515 0.720805
0.189075 0.723113
0.18616 0.720144
0.183235 0.72318
0.179133 0.7221
0.175453 0.723076
0.171564 0.721062
0.166823 0.720384
0.161102 0.719351
0.154265 0.714356
0.157895 0.711667
0.161598 0.712333
0.166277 0.713667
0.170565 0.710714
0.176803 0.709667
0.175299 0.715476
0.181611 0.715555
0.183236 0.71
0.187135 0.713333
0.191033 0.713333
0.195517 0.713667
0.200585 0.714333
0.208577 0.71
0.203704 0.708333
0.197856 0.707381
0.192398 0.707
0.191618 0.701667
0.19883 0.700556
0.205166 0.699167
0.206628 0.703333
0.210526 0.701667
0.214425 0.705
0.218324 0.705
0.222222 0.703333
0.225146 0.7
0.22807 0.7
0.221637 0.697
0.215789 0.697
0.211891 0.693667
0.206628 0.693333
0.201754 0.694048
0.196686 0.694333
0.193177 0.694333
0.189084 0.696667
0.1846 0.699667
0.18681 0.705555
0.181092 0.704333
0.176413 0.703333
0.17154 0.701667
0.167446 0.704333
0.163158 0.706333
0.161793 0.7
0.15809 0.701
0.154646 0.705555
0.150137 0.708159
0.145739 0.706603
0.147173 0.7
0.14079 0.700283
0.143275 0.695
0.139864 0.691667
0.13547 0.691225
0.116122 0.697937
0.11306 0.7
0.114314 0.707381
0.120241 0.70928
0.118877 0.715298
0.112604 0.714552
0.10787 0.710064
0.108577 0.703667
0.105075 0.700971
0.101807 0.700724
0.0848175 0.700939
0.0793372 0.700333
0.0766082 0.696333
0.0769981 0.69
0.0723197 0.692333
0.0692008 0.689167
0.0668616 0.693667
0.0682261 0.699444
0.0730994 0.702619
0.0781676 0.707667
0.0816764 0.707667
0.0843659 0.711782
0.0816438 0.718702
0.0777546 0.7194
0.0745856 0.724245
0.0692191 0.723651
0.0641665 0.717978
0.0682261 0.716667
0.0721248 0.716667
0.0758285 0.712333
0.0721248 0.71
0.0684211 0.707667
0.0649123 0.710333
0.0606026 0.711207
0.0637427 0.703667
0.058571 0.7031
0.0618041 0.698333
0.0609914 0.692364
0.0642813 0.685973
0.0682838 0.682876
0.072746 0.682201
0.0772542 0.683678
0.0818587 0.68685
0.0827408 0.6934
0.101274 0.693218
0.104776 0.6925
0.107212 0.69
0.109812 0.695556
0.112458 0.689544
0.110107 0.682547
0.105263 0.683333
0.101083 0.685017
0.101286 0.676753
0.105848 0.677
0.108173 0.672266
0.102053 0.670346
0.104294 0.666671
0.106061 0.662028
0.102177 0.657914
0.104294 0.653044
0.102933 0.646024
0.0987157 0.649617
0.0951069 0.654922
0.0985083 0.663449
0.092169 0.662757
0.0873459 0.658757
0.0818357 0.655632
0.0737123 0.648883
0.0783397 0.648124
0.0831017 0.644527
0.088709 0.648237
0.0932459 0.646517
0.0968347 0.641038
0.101631 0.637397
0.09423 0.63551
0.088974 0.638661
0.0845897 0.634498
0.0791836 0.633794
0.0748278 0.638689
0.0693911 0.642143
0.0658933 0.634047
0.0616673 0.625173
0.0678188 0.623694
0.0711839 0.629931
0.0753994 0.627169
0.0828657 0.625924
0.0889447 0.627882
0.0933755 0.627642
0.0981142 0.631078
0.100961 0.625249
0.0972679 0.622309
0.0993594 0.616717
0.094546 0.613326
0.092601 0.619989
0.0867621 0.619989
0.0887066 0.613326
0.0844292 0.612293
0.0805807 0.614992
0.0786388 0.621091
0.0742774 0.618262
0.0727445 0.61297
0.0673007 0.616648
0.0605584 0.615713
0.0575144 0.606948
0.0636077 0.606058
0.0675644 0.608265
0.0711869 0.604029
0.0756246 0.60689
0.0792883 0.603886
0.0831857 0.606097
0.086426 0.600548
0.0896727 0.604986
0.094546 0.60666
0.0988373 0.60737
0.0941521 0.600333
0.0965049 0.594685
0.0909257 0.593569
0.0867517 0.590717
0.0818905 0.594592
0.07702 0.596663
0.0709397 0.59542
0.0653658 0.594994
End
