513 300
0.0592362 0.604992
0.0607212 0.590968
0.0726157 0.5895
0.0829995 0.592099
0.0930203 0.596193
0.102355 0.598722
0.11054 0.600891
0.114335 0.593205
0.123416 0.596667
0.133324 0.595275
0.138828 0.585207
0.132554 0.585
0.125281 0.586282
0.116959 0.583333
0.109025 0.583916
0.103151 0.588056
0.0955824 0.585766
0.087958 0.584753
0.0811778 0.57814
0.0741448 0.576717
0.0665333 0.577982
0.0595787 0.573717
0.0673835 0.563824
0.0758744 0.56254
0.0836247 0.566332
0.0904002 0.573471
0.0998709 0.577505
0.105447 0.57247
0.112601 0.571007
0.11882 0.568333
0.123032 0.575256
0.131741 0.575833
0.129275 0.566818
0.135965 0.566111
0.141317 0.572172
0.146186 0.561325
0.139701 0.556667
0.135802 0.548333
0.145224 0.5475
0.151781 0.551653
0.158009 0.548667
0.155857 0.539545
0.163449 0.543364
0.169791 0.540416
0.175958 0.543408
0.183842 0.546742
0.182793 0.537121
0.190058 0.536667
0.195729 0.537121
0.201005 0.532436
0.205953 0.540128
0.2139 0.539615
0.222738 0.542843
0.227513 0.533809
0.223647 0.525769
0.216653 0.529286
0.209032 0.527667
0.203509 0.520303
0.198276 0.520429
0.192636 0.524613
0.185841 0.518585
0.185185 0.527667
0.177613 0.530128
0.172531 0.526582
0.165274 0.53
0.159047 0.529545
0.153021 0.529
0.148148 0.536667
0.140576 0.539615
0.130726 0.539583
0.121702 0.537444
0.114785 0.530385
0.108905 0.524727
0.0998679 0.526535
0.103387 0.534382
0.0958601 0.53903
0.0863647 0.542316
0.0927365 0.550218
0.10137 0.547378
0.10828 0.541879
0.115075 0.544555
0.122807 0.548333
0.130379 0.553461
0.125022 0.560151
0.118583 0.5575
0.111529 0.55619
0.106031 0.559717
0.10001 0.558658
0.0975917 0.567715
0.0919106 0.561945
0.086211 0.555672
0.0794225 0.550687
0.0662936 0.552721
0.0725848 0.542673
0.0794734 0.535174
0.0841456 0.528611
0.0911631 0.530556
0.0942983 0.51857
0.0852452 0.517564
0.07945 0.517932
0.088694 0.51
0.0830118 0.501683
0.0927426 0.502949
0.100049 0.509511
0.104288 0.516667
0.113869 0.514489
0.120127 0.520625
0.125581 0.52782
0.131402 0.527121
0.138986 0.529667
0.13499 0.520417
0.142162 0.518577
0.147359 0.523746
0.153932 0.517707
0.160639 0.517057
0.168319 0.519035
0.177103 0.51616
0.170955 0.509333
0.164363 0.508939
0.155325 0.506818
0.149305 0.509229
0.142629 0.508695
0.145809 0.500667
0.138402 0.5
0.134178 0.492778
0.14252 0.489624
0.149288 0.492922
0.155097 0.492922
0.159842 0.500032
0.166655 0.498453
0.173762 0.501479
0.181263 0.503407
0.181611 0.510926
0.188912 0.508682
0.195094 0.5125
0.20245 0.508146
0.208142 0.514229
0.21245 0.511159
0.216374 0.519
0.220874 0.513116
0.225363 0.505984
0.232182 0.502822
0.240032 0.504697
0.247076 0.501944
0.24993 0.510238
0.251551 0.520454
0.257867 0.516428
0.264582 0.522949
0.25731 0.528333
0.248816 0.531905
0.244639 0.523611
0.24139 0.516111
0.235602 0.513182
0.228159 0.514394
0.231703 0.523182
0.236692 0.52859
0.240045 0.537381
0.247563 0.542619
0.240462 0.548571
0.232578 0.543333
0.229184 0.553571
0.221897 0.556667
0.216149 0.550385
0.207324 0.55
0.199074 0.549167
0.190617 0.548423
0.193799 0.556709
0.199978 0.56397
0.205653 0.565
0.209197 0.558939
0.2154 0.563571
0.224172 0.566111
0.229576 0.568636
0.234743 0.561154
0.241715 0.559286
0.250227 0.554778
0.254386 0.546667
0.260234 0.550476
0.267281 0.556282
0.261209 0.563333
0.254986 0.566538
0.249318 0.565
0.244964 0.571667
0.238986 0.571333
0.234538 0.576515
0.230994 0.583611
0.225146 0.578333
0.219298 0.574333
0.212701 0.574744
0.205891 0.576791
0.210616 0.588514
0.218161 0.585278
0.223374 0.590454
0.229045 0.593333
0.235867 0.594047
0.243665 0.597778
0.249513 0.600555
0.257728 0.6
0.264411 0.600714
0.27115 0.596333
0.277778 0.593354
0.27887 0.581744
0.270955 0.585
0.263353 0.587
0.254836 0.589615
0.247829 0.588636
0.241131 0.584333
0.249778 0.578636
0.256335 0.579444
0.261371 0.575278
0.269168 0.567222
0.27043 0.575513
0.279077 0.571763
0.281894 0.56223
0.275049 0.559667
0.281496 0.55173
0.280237 0.541471
0.274179 0.546795
0.266682 0.544743
0.257147 0.538056
0.265386 0.534048
0.272295 0.532292
0.28013 0.532172
0.276899 0.523687
0.273313 0.515716
0.267381 0.5125
0.261069 0.506428
0.255361 0.499286
0.262572 0.493486
0.267858 0.485385
0.274593 0.48526
0.28246 0.486649
0.287347 0.483788
0.294347 0.485952
0.301919 0.483718
0.310754 0.483889
0.307602 0.476
0.303473 0.468939
0.297571 0.473461
0.290866 0.473333
0.284076 0.468846
0.279727 0.476818
0.272904 0.475
0.266216 0.468251
0.27154 0.464667
0.278078 0.463205
0.288765 0.461364
0.296371 0.461154
0.302956 0.456944
0.309321 0.462273
0.313678 0.470833
0.319422 0.466818
0.324561 0.462333
0.330259 0.467308
0.335508 0.459615
0.3437 0.458939
0.348243 0.464991
0.340156 0.467778
0.344434 0.47708
0.336257 0.476667
0.327207 0.477381
0.320175 0.4775
0.316587 0.487121
0.322435 0.489545
0.328637 0.489545
0.334131 0.487121
0.340992 0.488732
0.335283 0.497667
0.340559 0.503185
0.335283 0.508944
0.330213 0.504631
0.32527 0.499848
0.316941 0.498939
0.311216 0.498333
0.305777 0.493182
0.299708 0.496389
0.294199 0.501274
0.290133 0.494618
0.286459 0.501624
0.281284 0.496624
0.27512 0.494697
0.269006 0.500714
0.27719 0.506123
0.285159 0.51138
0.29214 0.511969
0.292712 0.521492
0.300512 0.515269
0.298503 0.507484
0.305718 0.505833
0.308479 0.514722
0.315186 0.514163
0.31978 0.507068
0.324944 0.514253
0.333333 0.518396
0.340414 0.518807
0.346612 0.521747
0.351364 0.530278
0.3577 0.531667
0.363904 0.53194
0.359027 0.541588
0.350682 0.542842
0.343353 0.54519
0.344804 0.532949
0.338956 0.535513
0.333333 0.529286
0.324837 0.524814
0.315779 0.524347
0.308067 0.525513
0.30059 0.525229
0.296534 0.532516
0.304785 0.535542
0.300136 0.54474
0.306102 0.549985
0.313255 0.548333
0.318099 0.54263
0.310144 0.539661
0.314165 0.533148
0.320446 0.532778
0.325768 0.536766
0.331822 0.541786
0.324173 0.549997
0.335022 0.550432
0.340589 0.556111
0.346004 0.556667
0.351462 0.557333
0.355928 0.552879
0.362648 0.551154
0.369426 0.548342
0.374462 0.542843
0.368162 0.537275
0.37294 0.531364
0.376385 0.525835
0.378778 0.515922
0.372766 0.512772
0.368188 0.518512
0.362419 0.521498
0.355005 0.520537
0.359967 0.511648
0.362531 0.501938
0.368041 0.504576
0.371995 0.497963
0.376851 0.504383
0.381963 0.500898
0.387648 0.495303
0.39542 0.495282
0.401224 0.488497
0.394737 0.483333
0.389322 0.486111
0.382332 0.486515
0.376706 0.490555
0.370858 0.486111
0.364601 0.490316
0.368087 0.47607
0.376868 0.478056
0.385965 0.478333
0.390188 0.471944
0.382066 0.469286
0.375244 0.468333
0.368979 0.464067
0.374889 0.457727
0.370711 0.450333
0.378393 0.446282
0.385575 0.444333
0.393537 0.446282
0.387914 0.452333
0.381579 0.457222
0.388499 0.461667
0.394899 0.460555
0.399685 0.454487
0.405683 0.452436
0.413255 0.451
0.420255 0.449545
0.425601 0.448889
0.433073 0.445833
0.440221 0.444722
0.439039 0.454091
0.430799 0.456667
0.424789 0.4625
0.422417 0.471667
0.416179 0.46803
0.417479 0.458704
0.410916 0.460667
0.40504 0.466667
0.397736 0.470385
0.402209 0.478889
0.409432 0.475513
0.415423 0.479499
0.422212 0.482858
0.427851 0.479749
0.431593 0.48736
0.438405 0.489707
0.445425 0.488343
0.450558 0.493485
0.444219 0.499615
0.436559 0.502273
0.431065 0.499545
0.425926 0.494349
0.4188 0.491498
0.41072 0.489679
0.405473 0.496758
0.410575 0.502083
0.415692 0.503333
0.420078 0.502333
0.425217 0.506818
0.421105 0.515654
0.424673 0.523809
0.431286 0.527222
0.424951 0.534333
0.416301 0.532708
0.407914 0.529076
0.399808 0.52565
0.399876 0.515303
0.406645 0.518687
0.414351 0.52236
0.413986 0.512083
0.407673 0.510454
0.400939 0.504394
0.394914 0.506212
0.388393 0.506232
0.391289 0.515725
0.391085 0.524076
0.393976 0.530902
0.397884 0.539867
0.404033 0.537564
0.410591 0.543444
0.419939 0.543095
0.428038 0.5425
0.434255 0.53803
0.440321 0.536282
0.446394 0.529286
0.439355 0.525741
0.436257 0.519333
0.431353 0.512731
0.440163 0.50925
0.444667 0.517004
0.451657 0.518333
0.453411 0.527667
0.459214 0.527308
0.464912 0.53
0.47121 0.532436
0.476088 0.538555
0.481969 0.543889
0.488304 0.543333
0.49357 0.54355
0.489718 0.556026
0.483506 0.559359
0.477958 0.552692
0.472222 0.556944
0.46895 0.546667
0.463263 0.542949
0.457115 0.540641
0.45078 0.539444
0.445269 0.545513
0.452146 0.55131
0.459847 0.554679
0.465654 0.560816
0.469994 0.568667
0.477258 0.566667
0.486655 0.570352
0.479695 0.575833
0.471068 0.578225
0.47377 0.587416
0.482557 0.585179
0.480415 0.596332
0.471977 0.598735
0.470042 0.610878
0.476887 0.609762
0.482744 0.607765
0.487312 0.617065
0.49413 0.618787
0.499561 0.615297
0.505169 0.608914
0.512405 0.608636
0.520143 0.6075
0.514341 0.599047
0.506998 0.594765
0.513195 0.587051
0.510202 0.577608
0.518293 0.574231
0.513203 0.565614
0.513624 0.552369
0.520644 0.557931
0.528299 0.556626
0.534828 0.556348
0.531698 0.567556
0.524636 0.57146
0.531359 0.579608
0.526541 0.586413
0.519316 0.586212
0.522835 0.597619
0.529531 0.596735
0.530976 0.608015
0.54072 0.605584
0.544476 0.596076
0.549708 0.600555
0.55623 0.596538
0.562201 0.59332
0.555331 0.585513
0.548703 0.586487
0.550883 0.57373
0.55683 0.573205
0.562749 0.578833
0.569835 0.568568
0.576773 0.570897
0.582771 0.567051
0.58512 0.557963
0.589843 0.563105
0.596476 0.563389
0.603731 0.561905
0.61319 0.557444
0.607921 0.551364
0.598997 0.550952
0.592227 0.547708
0.58577 0.546667
0.579272 0.551944
0.574674 0.55859
0.565757 0.559667
0.559519 0.561889
0.552481 0.559773
0.552235 0.547135
0.558479 0.546667
0.564522 0.547667
0.570325 0.54782
0.574251 0.539545
0.579745 0.540454
0.58538 0.535
0.592105 0.533611
0.597856 0.538
0.603476 0.541111
0.609324 0.540555
0.616829 0.544778
0.623557 0.539615
0.614035 0.533333
0.620022 0.527619
0.628301 0.532273
0.635852 0.531667
0.644119 0.527444
0.650357 0.533
0.657198 0.536905
0.663143 0.540385
0.667464 0.547424
0.672598 0.539898
0.665692 0.528571
0.671702 0.5275
0.675888 0.522531
0.675858 0.51178
0.669768 0.513788
0.662211 0.51619
0.658781 0.525
0.653346 0.520555
0.648844 0.514286
0.64155 0.516282
0.634224 0.521905
0.626528 0.52197
0.623197 0.515
0.61553 0.518111
0.609649 0.512778
0.602172 0.510769
0.595126 0.515838
0.604377 0.520454
0.608512 0.527222
0.599285 0.527444
0.589491 0.523788
0.582521 0.526667
0.575274 0.527051
0.568713 0.532778
0.563087 0.536818
0.557017 0.533611
0.549639 0.536814
0.536911 0.541428
0.532748 0.544
0.526248 0.545495
0.518994 0.543223
0.514318 0.534406
0.52005 0.528333
0.526965 0.524722
0.526316 0.535
0.533788 0.531389
0.538163 0.523965
0.545428 0.526952
0.553381 0.524744
0.562528 0.523974
0.569342 0.519515
0.558924 0.514673
0.549633 0.515513
0.542178 0.514124
0.533588 0.515769
0.526587 0.515374
0.519286 0.513719
0.515057 0.519332
0.496285 0.506352
0.490747 0.510536
0.493788 0.520556
0.49318 0.531595
0.484665 0.532333
0.485181 0.520283
0.478258 0.523461
0.47154 0.519667
0.464365 0.516616
0.457959 0.511738
0.449963 0.507386
0.45614 0.5
0.463713 0.503461
0.469697 0.500454
0.472137 0.508965
0.479064 0.510441
0.484893 0.506111
0.477508 0.498846
0.484893 0.493611
0.490431 0.497121
0.496364 0.494406
0.494997 0.482888
0.488495 0.482898
0.482262 0.48303
0.476913 0.487148
0.470902 0.487961
0.465302 0.490667
0.460797 0.489815
0.456121 0.486198
0.450549 0.480238
0.456269 0.474038
0.463731 0.476945
0.470451 0.473044
0.476608 0.473165
0.483117 0.47135
0.490431 0.470455
0.496241 0.471712
0.496199 0.461049
0.486709 0.462273
0.479307 0.460385
0.472547 0.460556
0.468634 0.453788
0.464762 0.464231
0.457865 0.462949
0.45078 0.466111
0.444553 0.469444
0.444178 0.478001
0.437063 0.476514
0.430797 0.469989
0.436559 0.464394
0.442885 0.460667
0.449018 0.455769
0.458914 0.452692
0.452133 0.447593
0.447368 0.443333
0.456365 0.440385
0.464162 0.445769
0.471469 0.443485
0.477494 0.449545
0.485155 0.450385
0.491494 0.453485
0.497229 0.448964
0.496718 0.438333
0.489899 0.441061
0.485055 0.43463
0.481373 0.440926
0.476392 0.437222
0.47206 0.430926
0.466112 0.434231
0.460317 0.430238
0.451267 0.432222
0.443824 0.435606
0.435932 0.433222
0.428014 0.437381
0.419688 0.438333
0.413255 0.442333
0.409682 0.43463
0.405653 0.441667
0.399835 0.439615
0.393496 0.434697
0.386231 0.435303
0.379142 0.434333
0.372812 0.438947
0.373959 0.428093
0.382846 0.426
0.388889 0.423333
0.395037 0.423205
0.400762 0.427121
0.406043 0.426667
0.411696 0.423667
0.417079 0.429615
0.425787 0.427619
0.432374 0.42141
0.439409 0.423055
0.445976 0.423333
0.454029 0.4225
0.460305 0.41803
0.466684 0.420454
0.473241 0.420758
0.478735 0.426212
0.484405 0.425
0.491228 0.428333
0.497894 0.427207
0.494152 0.417778
0.498168 0.410733
0.489669 0.409333
0.486355 0.416111
0.480657 0.413462
0.470406 0.411061
0.475634 0.406111
0.479857 0.399444
0.486355 0.4
0.493266 0.402273
0.496554 0.39452
0.490553 0.388846
0.483918 0.389722
0.478168 0.386667
0.47232 0.385333
0.472001 0.394697
0.466862 0.402222
0.461663 0.408056
0.454678 0.409444
0.448181 0.4125
0.441131 0.412
0.434923 0.409615
0.427521 0.412273
0.422382 0.418939
0.416017 0.416111
0.408382 0.415
0.403899 0.408667
0.399805 0.414667
0.393496 0.411364
0.386127 0.411944
0.380702 0.416667
0.374674 0.418406
0.375232 0.407421
0.380442 0.401944
0.38694 0.4
0.393484 0.400714
0.400585 0.400151
0.404321 0.392778
0.411306 0.394333
0.4098 0.404091
0.416012 0.402231
0.42131 0.406863
0.42885 0.400747
0.422468 0.395256
0.430382 0.386667
0.423799 0.383788
0.416867 0.384962
0.409942 0.385
0.402924 0.382667
0.398281 0.376818
0.391015 0.380454
0.395936 0.389615
0.387589 0.388056
0.381092 0.39
0.375424 0.391437
0.376393 0.375078
0.382291 0.377564
0.387914 0.37
0.394347 0.37
0.404873 0.371333
0.409682 0.375741
0.413344 0.368333
0.419307 0.372905
0.42713 0.37292
0.433386 0.375876
0.438555 0.381096
0.446482 0.377727
0.452507 0.381364
0.448668 0.388333
0.44272 0.390385
0.435242 0.395559
0.440989 0.401061
0.448538 0.400333
0.455915 0.39782
0.463863 0.392949
0.457505 0.388333
0.460564 0.379615
0.467161 0.379872
0.473909 0.373718
0.482456 0.378333
0.493649 0.379898
0.487595 0.37197
0.491829 0.366113
0.481481 0.366667
0.474821 0.362222
0.467423 0.366676
0.461204 0.367682
0.454866 0.370128
0.448662 0.365286
0.442584 0.370454
0.440457 0.360454
0.43503 0.36555
0.430711 0.358333
0.425116 0.361652
0.419328 0.359615
0.412524 0.35875
0.405683 0.360385
0.399415 0.364
0.395874 0.355278
0.389701 0.359167
0.382066 0.363333
0.376667 0.356667
0.382261 0.349667
0.389243 0.347727
0.38375 0.338636
0.376472 0.338124
0.375265 0.323202
0.380914 0.327121
0.388193 0.330952
0.394382 0.327424
0.402317 0.32463
0.409339 0.326679
0.417065 0.327844
0.424673 0.329286
0.432224 0.326282
0.440771 0.327051
0.447369 0.326026
0.453925 0.331364
0.462213 0.330385
0.468061 0.325769
0.475679 0.325
0.484468 0.327366
0.482939 0.316645
0.475677 0.314032
0.467761 0.314487
0.4599 0.317619
0.454029 0.321389
0.450571 0.312143
0.441799 0.305238
0.44257 0.315513
0.435673 0.316818
0.431624 0.308333
0.424626 0.304167
0.419428 0.296667
0.426676 0.292949
0.43428 0.298571
0.440812 0.294697
0.447531 0.292778
0.450817 0.300898
0.456815 0.301667
0.462476 0.306389
0.470938 0.304016
0.480287 0.304234
0.477231 0.293777
0.469399 0.293346
0.462406 0.293333
0.455686 0.286111
0.44883 0.2825
0.440546 0.284048
0.432609 0.286191
0.429964 0.276429
0.423652 0.271667
0.417079 0.268077
0.409741 0.26866
0.401612 0.269219
0.405757 0.278024
0.413163 0.279628
0.422027 0.282143
0.416569 0.288333
0.41068 0.29348
0.405533 0.288823
0.402464 0.298732
0.397452 0.304843
0.406395 0.306823
0.412768 0.303611
0.417597 0.309242
0.426483 0.316667
0.419901 0.317727
0.411624 0.31667
0.403243 0.315303
0.397172 0.316445
0.390838 0.318333
0.384636 0.318939
0.378926 0.312778
0.373562 0.309742
0.382878 0.306111
0.389793 0.308406
0.388995 0.298469
0.388094 0.28818
0.382094 0.292811
0.377216 0.298382
0.371439 0.296738
0.373277 0.286383
0.380569 0.280019
0.387369 0.278064
0.385325 0.268237
0.378752 0.268333
0.373649 0.274394
0.367605 0.276515
0.356548 0.284214
0.348092 0.284048
0.353314 0.292778
0.358459 0.29974
0.349578 0.301944
0.356426 0.310299
0.349194 0.311364
0.341131 0.31
0.335017 0.306515
0.330409 0.314445
0.326121 0.306667
0.320807 0.307148
0.314815 0.308333
0.308967 0.308333
0.301865 0.30923
0.2994 0.320546
0.305068 0.32
0.311891 0.318333
0.3194 0.318044
0.324916 0.322576
0.330409 0.325
0.336988 0.3225
0.345029 0.319
0.352827 0.322619
0.360058 0.319841
0.35869 0.331163
0.350163 0.334778
0.345029 0.327667
0.340806 0.334722
0.333138 0.336333
0.325954 0.336667
0.319444 0.32961
0.311891 0.329286
0.305458 0.332
0.299209 0.331801
0.298488 0.343199
0.305458 0.341333
0.311271 0.344394
0.316587 0.339242
0.321829 0.347036
0.32944 0.35001
0.336095 0.346945
0.34308 0.345
0.350662 0.345827
0.359065 0.341417
0.356337 0.350347
0.360841 0.355661
0.354451 0.36
0.347657 0.358346
0.341817 0.356593
0.335057 0.360406
0.326677 0.360522
0.318949 0.358315
0.313678 0.353611
0.306043 0.352778
0.300992 0.357121
0.295014 0.354304
0.296385 0.365606
0.303119 0.369444
0.308967 0.364487
0.314643 0.369735
0.321418 0.370436
0.32951 0.371154
0.336257 0.373333
0.341042 0.368333
0.345419 0.374
0.351364 0.370278
0.358529 0.370346
0.357957 0.38315
0.350227 0.381389
0.352047 0.391
0.344704 0.390778
0.34051 0.383182
0.334064 0.382083
0.32885 0.383333
0.323392 0.380333
0.318114 0.386026
0.32527 0.39197
0.333245 0.392273
0.337232 0.398333
0.340936 0.405
0.346181 0.402879
0.351608 0.40125
0.357546 0.396663
0.35428 0.407599
0.354949 0.415154
0.347953 0.416667
0.342282 0.416212
0.335283 0.413333
0.33732 0.423788
0.329435 0.422381
0.321637 0.423333
0.316587 0.430455
0.310616 0.430128
0.305231 0.423611
0.297856 0.422333
0.291573 0.427051
0.298181 0.433889
0.304581 0.437222
0.311891 0.441
0.317739 0.443889
0.32846 0.441389
0.323362 0.435769
0.332004 0.432273
0.336842 0.438
0.340887 0.430833
0.345614 0.429333
0.353966 0.425936
0.349686 0.433889
0.353045 0.440226
0.343405 0.441296
0.34771 0.446667
0.350588 0.45336
0.340688 0.449545
0.334308 0.448333
0.328947 0.453056
0.322125 0.451667
0.315789 0.456667
0.309417 0.450385
0.30117 0.446538
0.294122 0.450385
0.287347 0.450455
0.281227 0.452949
0.272904 0.453889
0.267323 0.450672
0.258969 0.444446
0.251343 0.445975
0.244444 0.444333
0.237817 0.445
0.231189 0.447667
0.226121 0.446667
0.221681 0.446111
0.216916 0.442037
0.210981 0.441444
0.206238 0.447333
0.199415 0.446667
0.193603 0.446818
0.194769 0.4575
0.202995 0.456212
0.201046 0.464697
0.209102 0.467564
0.216374 0.462333
0.210751 0.456282
0.218589 0.453788
0.225146 0.458333
0.230604 0.46
0.236452 0.455
0.24362 0.454986
0.243501 0.46589
0.236452 0.465
0.223684 0.4675
0.217049 0.473205
0.223197 0.478333
0.228655 0.477333
0.232589 0.472879
0.239146 0.475606
0.243665 0.482222
0.249339 0.476754
0.25621 0.473849
0.26349 0.476509
0.259525 0.483182
0.253632 0.487024
0.247379 0.491325
0.239421 0.494051
0.234475 0.48619
0.225731 0.487667
0.22885 0.494667
0.221602 0.498939
0.216106 0.503474
0.210148 0.500711
0.202397 0.497921
0.19512 0.499572
0.187923 0.496985
0.18253 0.49531
0.178389 0.492363
0.172187 0.490924
0.16409 0.490119
0.167728 0.482259
0.160373 0.482919
0.154381 0.478895
0.149775 0.482365
0.145613 0.475476
0.13981 0.478158
0.133914 0.482009
0.128168 0.486389
0.120933 0.484487
0.113385 0.480833
0.107917 0.48748
0.114752 0.49489
0.12258 0.494616
0.127382 0.500028
0.132213 0.505885
0.135707 0.512274
0.126931 0.513718
0.120143 0.506555
0.109692 0.505761
0.104674 0.497701
0.0979848 0.496244
0.0889327 0.49121
0.093302 0.480899
0.0993825 0.483395
0.104893 0.476504
0.111436 0.47
0.102011 0.466922
0.109162 0.461667
0.116296 0.459056
0.121444 0.464515
0.118583 0.473333
0.126699 0.475007
0.13423 0.471398
0.127674 0.46501
0.133545 0.461628
0.139376 0.462333
0.144737 0.463333
0.150772 0.466795
0.157097 0.469545
0.161988 0.469
0.16691 0.472083
0.172515 0.475667
0.177193 0.483333
0.184211 0.485
0.190546 0.485833
0.196394 0.4875
0.202144 0.485
0.207248 0.491061
0.214514 0.491061
0.219298 0.486667
0.21221 0.480758
0.207169 0.477222
0.201365 0.475333
0.195606 0.471667
0.190546 0.471389
0.184919 0.475303
0.178752 0.473333
0.184211 0.465
0.188286 0.456212
0.182066 0.455667
0.176251 0.456389
0.173652 0.465278
0.165692 0.461667
0.169266 0.453333
0.170115 0.442949
0.177193 0.443667
0.1846 0.445333
0.189279 0.440333
0.191831 0.432273
0.197856 0.431667
0.201559 0.437333
0.20587 0.432037
0.211257 0.427917
0.215789 0.430667
0.221464 0.427963
0.22298 0.43537
0.229695 0.436667
0.237551 0.435303
0.246889 0.434743
0.254223 0.433611
0.261474 0.433788
0.267281 0.437564
0.274074 0.442333
0.280214 0.4425
0.291273 0.439872
0.285575 0.433974
0.27955 0.430455
0.273322 0.43
0.266992 0.422111
0.259844 0.425
0.260943 0.414697
0.254603 0.417222
0.250842 0.424394
0.245614 0.42
0.24152 0.414333
0.238304 0.408333
0.235867 0.402083
0.230604 0.4
0.225146 0.397667
0.218486 0.3975
0.221085 0.387222
0.22807 0.385952
0.236842 0.381364
0.242105 0.386333
0.234113 0.390667
0.240156 0.396
0.247173 0.391333
0.252437 0.398333
0.245224 0.402667
0.249513 0.41
0.256552 0.406111
0.261883 0.402949
0.269006 0.397381
0.275828 0.398333
0.281676 0.394333
0.28655 0.39125
0.291069 0.396818
0.286107 0.404697
0.281145 0.40803
0.275828 0.408333
0.269006 0.409286
0.274854 0.418333
0.282876 0.420384
0.289149 0.416667
0.293018 0.409848
0.300682 0.408333
0.299708 0.415
0.307992 0.413333
0.313752 0.418333
0.317901 0.410833
0.325311 0.412949
0.330941 0.405303
0.326267 0.40125
0.320175 0.400555
0.31446 0.395606
0.311271 0.403485
0.304182 0.402273
0.296491 0.400667
0.29883 0.391667
0.30588 0.3925
0.310672 0.386667
0.312334 0.378333
0.305245 0.380454
0.29961 0.379333
0.295105 0.383889
0.288824 0.383333
0.280702 0.381667
0.276183 0.387727
0.270512 0.385303
0.263383 0.390128
0.257085 0.389103
0.250704 0.383889
0.255685 0.378704
0.259649 0.372
0.26397 0.3775
0.271345 0.375667
0.270565 0.367667
0.277453 0.371111
0.284689 0.373788
0.292788 0.374
0.289803 0.366486
0.281996 0.364537
0.276715 0.356843
0.270158 0.357121
0.264133 0.361667
0.258462 0.359545
0.252437 0.355
0.245224 0.350667
0.237492 0.351944
0.240984 0.35875
0.247368 0.360667
0.254169 0.366111
0.249903 0.371
0.245348 0.376818
0.24191 0.368333
0.236842 0.371
0.231171 0.373788
0.224112 0.374532
0.216588 0.379648
0.210295 0.372951
0.203216 0.372778
0.197871 0.37668
0.192398 0.376667
0.186869 0.380758
0.182261 0.376667
0.177713 0.380185
0.172692 0.380455
0.168399 0.37537
0.162551 0.37537
0.159578 0.36803
0.152112 0.366556
0.146686 0.373889
0.140326 0.371667
0.132779 0.376282
0.140313 0.381005
0.14534 0.387454
0.152872 0.379359
0.158382 0.383889
0.16454 0.386212
0.169201 0.391
0.174681 0.393889
0.179727 0.389667
0.184698 0.393889
0.190302 0.38875
0.195927 0.387684
0.201538 0.387222
0.207277 0.383055
0.212101 0.390128
0.203487 0.39537
0.208902 0.399815
0.213234 0.403889
0.217593 0.40875
0.224172 0.409286
0.231384 0.411667
0.234698 0.419333
0.240441 0.426795
0.231171 0.427424
0.226511 0.420667
0.219688 0.418333
0.213273 0.417121
0.206362 0.421364
0.198565 0.42197
0.190767 0.422879
0.18297 0.425303
0.18297 0.434697
0.175856 0.43
0.168779 0.431959
0.16351 0.423785
0.157268 0.417747
0.150317 0.422958
0.15617 0.429615
0.162211 0.436667
0.155945 0.443333
0.162211 0.45
0.157083 0.457222
0.151249 0.453788
0.146465 0.449242
0.139864 0.451389
0.133228 0.449872
0.126531 0.453632
0.11924 0.449946
0.110863 0.450365
0.1035 0.455068
0.103458 0.443939
0.108404 0.439444
0.11501 0.439286
0.121832 0.439
0.127149 0.441364
0.134178 0.438055
0.141715 0.441667
0.150172 0.43782
0.145224 0.431667
0.138667 0.431364
0.12898 0.429222
0.120858 0.428333
0.11306 0.428333
0.105113 0.429743
0.105147 0.41854
0.112985 0.41782
0.121248 0.419
0.128655 0.418333
0.135478 0.42
0.141488 0.420555
0.145356 0.412975
0.151768 0.409048
0.156335 0.402667
0.161793 0.41
0.168466 0.412949
0.172936 0.419563
0.179512 0.415333
0.18616 0.416683
0.193762 0.413
0.199805 0.412778
0.206893 0.41197
0.203054 0.40463
0.197147 0.400454
0.191654 0.39836
0.189646 0.40727
0.184211 0.405667
0.177913 0.404231
0.171097 0.402273
0.164522 0.400667
0.159519 0.39463
0.152534 0.392778
0.146415 0.399113
0.14067 0.402502
0.134828 0.407667
0.126706 0.408333
0.119639 0.41125
0.114744 0.406515
0.107971 0.409444
0.101909 0.407805
0.109331 0.399454
0.100703 0.39785
0.101305 0.38835
0.110146 0.390664
0.115595 0.39
0.122417 0.390667
0.120183 0.399872
0.128655 0.398333
0.136186 0.394697
0.135965 0.38625
0.129873 0.38875
0.126085 0.382273
0.119493 0.38
0.113326 0.37803
0.107488 0.382718
0.101838 0.377078
0.106351 0.368396
0.114685 0.369074
0.124107 0.371944
0.129045 0.366
0.135965 0.363889
0.142465 0.359642
0.149285 0.356389
0.155556 0.352667
0.159844 0.359
0.167416 0.363718
0.173755 0.366212
0.178579 0.367963
0.184644 0.367222
0.189669 0.366667
0.193315 0.357964
0.197006 0.364984
0.201998 0.36125
0.207602 0.361
0.21342 0.362333
0.218311 0.367235
0.226725 0.365009
0.233298 0.361061
0.227479 0.354368
0.221252 0.356793
0.21717 0.34951
0.210851 0.350833
0.203009 0.351997
0.197502 0.347443
0.192251 0.347917
0.187893 0.352778
0.182651 0.358333
0.176236 0.353788
0.170955 0.353333
0.163831 0.352273
0.167251 0.344
0.161035 0.339815
0.15692 0.342778
0.151267 0.344333
0.144009 0.347092
0.136452 0.35
0.128035 0.347727
0.130799 0.356667
0.123782 0.359
0.118908 0.363333
0.111569 0.360676
0.108839 0.353429
0.116339 0.352576
0.121832 0.348333
0.116241 0.340934
0.122049 0.339074
0.126617 0.333788
0.132761 0.339645
0.139724 0.338961
0.148311 0.335833
0.155325 0.331061
0.164133 0.332667
0.168454 0.326111
0.17422 0.327917
0.180507 0.326
0.183502 0.31803
0.174464 0.318333
0.164717 0.315833
0.159619 0.322949
0.152437 0.319333
0.148473 0.32537
0.142408 0.320556
0.142034 0.329545
0.135159 0.32708
0.129208 0.325017
0.1205 0.328271
0.120853 0.317988
0.127131 0.31561
0.134503 0.314048
0.14152 0.311
0.147336 0.311667
0.150186 0.302879
0.155857 0.311061
0.159952 0.306111
0.164934 0.303889
0.170388 0.309545
0.177225 0.309167
0.18486 0.308704
0.190413 0.314394
0.195552 0.306818
0.20039 0.31
0.204137 0.316111
0.210201 0.314722
0.217999 0.31537
0.220795 0.321667
0.226121 0.323889
0.232943 0.329
0.228159 0.334394
0.220273 0.333333
0.215017 0.326685
0.209729 0.326212
0.204483 0.331333
0.201321 0.323889
0.195457 0.32218
0.189084 0.326667
0.184427 0.333519
0.177713 0.33537
0.171629 0.338939
0.178363 0.343889
0.182505 0.34875
0.186404 0.34125
0.192185 0.337121
0.197856 0.334333
0.203062 0.342046
0.208262 0.339866
0.214118 0.339195
0.223347 0.343462
0.23064 0.346515
0.235283 0.34
0.24139 0.340833
0.248715 0.342879
0.253996 0.343333
0.259525 0.348636
0.266436 0.348939
0.275329 0.346205
0.269006 0.34
0.262833 0.338333
0.257851 0.335741
0.256335 0.328333
0.250665 0.330454
0.244396 0.332083
0.238791 0.329
0.245722 0.323889
0.238969 0.317727
0.232194 0.317051
0.226714 0.310017
0.22169 0.308731
0.214425 0.307667
0.206628 0.303333
0.20078 0.296667
0.193226 0.299167
0.188286 0.299545
0.181552 0.300152
0.176236 0.296212
0.169786 0.296333
0.162018 0.292436
0.156335 0.297333
0.152047 0.29
0.145503 0.295
0.139864 0.290278
0.132857 0.295261
0.138564 0.3025
0.12995 0.304388
0.122901 0.308324
0.119127 0.302083
0.125783 0.29672
0.120376 0.291419
0.121199 0.280263
0.128561 0.283056
0.134754 0.283754
0.140077 0.2765
0.145974 0.280897
0.151072 0.275667
0.15647 0.281154
0.162768 0.281667
0.168616 0.283333
0.174464 0.283333
0.180962 0.282778
0.184016 0.289667
0.190546 0.286667
0.196101 0.289333
0.198506 0.280278
0.204288 0.286
0.208902 0.2925
0.214587 0.298056
0.22141 0.296944
0.228197 0.299561
0.232507 0.292445
0.240411 0.292231
0.240918 0.300758
0.234243 0.305833
0.24191 0.309333
0.246589 0.315
0.252259 0.317121
0.259259 0.321
0.265032 0.32782
0.272461 0.332273
0.278606 0.337172
0.281032 0.326805
0.273489 0.323
0.267381 0.3175
0.273229 0.311296
0.277994 0.317222
0.282581 0.314408
0.282364 0.304224
0.276892 0.302273
0.269331 0.304259
0.263533 0.307564
0.257576 0.311364
0.249513 0.305
0.256725 0.301667
0.24951 0.295698
0.246227 0.286553
0.25222 0.28537
0.256118 0.290621
0.260723 0.294185
0.266259 0.293788
0.27154 0.294
0.276006 0.289545
0.281166 0.29054
0.276985 0.278534
0.269168 0.280833
0.263181 0.283703
0.258285 0.278333
0.263815 0.271059
0.270158 0.269545
0.275876 0.268181
0.27212 0.258333
0.266087 0.258993
0.260062 0.262868
0.253996 0.262
0.247829 0.25803
0.240058 0.259128
0.229523 0.259619
0.222222 0.26
0.2154 0.257667
0.210851 0.253148
0.20583 0.252879
0.199155 0.249444
0.201105 0.240185
0.206953 0.242407
0.210526 0.234333
0.202995 0.231364
0.195906 0.235667
0.190838 0.230333
0.18499 0.236
0.190767 0.24197
0.183236 0.246667
0.174464 0.248333
0.165692 0.247667
0.165692 0.238333
0.159342 0.240519
0.1534 0.239957
0.147386 0.246082
0.143753 0.254316
0.152839 0.253036
0.158692 0.252879
0.162985 0.257963
0.169366 0.257051
0.176236 0.262879
0.179446 0.255741
0.185185 0.259
0.190808 0.252436
0.196491 0.257333
0.202729 0.263333
0.210039 0.266111
0.216096 0.270952
0.224546 0.27141
0.231204 0.270455
0.237197 0.269437
0.245776 0.2675
0.252994 0.272857
0.24434 0.277051
0.237475 0.282505
0.23033 0.281379
0.224792 0.287727
0.216374 0.286667
0.220663 0.279333
0.210526 0.28
0.204767 0.273788
0.19697 0.271061
0.192362 0.265606
0.185097 0.268333
0.188759 0.276667
0.179249 0.272879
0.172337 0.270455
0.166667 0.27
0.161209 0.270667
0.156743 0.266212
0.150895 0.263788
0.144907 0.266763
0.138464 0.263403
0.133777 0.270685
0.127541 0.26881
0.122171 0.266934
0.131933 0.257727
0.126804 0.25289
0.136523 0.249899
0.132961 0.239618
0.140229 0.2375
0.14851 0.233952
0.145029 0.227667
0.139308 0.220144
0.145874 0.218056
0.154848 0.220912
0.156429 0.229576
0.16276 0.226641
0.169679 0.230455
0.174464 0.238333
0.180312 0.230641
0.175439 0.224333
0.168616 0.219957
0.163567 0.213836
0.157629 0.209848
0.150585 0.211667
0.144185 0.205222
0.138992 0.201679
0.142604 0.190484
0.149477 0.195606
0.153801 0.201333
0.160069 0.198846
0.165958 0.196515
0.173327 0.194167
0.169516 0.185513
0.162118 0.186667
0.154221 0.187051
0.14753 0.182083
0.153649 0.174549
0.158653 0.177963
0.162808 0.173389
0.169657 0.174315
0.176254 0.179752
0.180008 0.187219
0.182307 0.196662
0.177665 0.203891
0.169479 0.206298
0.174813 0.214049
0.181016 0.216789
0.187297 0.2225
0.195744 0.222778
0.201754 0.221667
0.207992 0.223333
0.21345 0.225
0.218549 0.230128
0.224969 0.230455
0.229495 0.22285
0.22076 0.217083
0.228098 0.211652
0.220858 0.204667
0.214815 0.207667
0.213207 0.215417
0.20679 0.2125
0.200555 0.209872
0.192984 0.211654
0.185385 0.209794
0.189549 0.201711
0.197937 0.199638
0.206804 0.19911
0.213847 0.197255
0.220892 0.194605
0.23197 0.194076
0.227566 0.200868
0.235493 0.202949
0.241893 0.197364
0.248985 0.199602
0.254592 0.203322
0.259701 0.202864
0.26427 0.207069
0.270634 0.208216
0.279346 0.21408
0.274096 0.218704
0.269591 0.220667
0.26332 0.219722
0.258107 0.216212
0.252827 0.216667
0.247563 0.211667
0.24145 0.20803
0.234893 0.215667
0.240918 0.219545
0.247297 0.22197
0.255095 0.22803
0.259584 0.233518
0.265373 0.229848
0.27258 0.231296
0.278977 0.226282
0.286824 0.221273
0.285185 0.230667
0.292493 0.229958
0.297839 0.236987
0.303606 0.240556
0.309665 0.236507
0.315169 0.241061
0.32122 0.247619
0.31361 0.251141
0.306558 0.250386
0.29883 0.25
0.292955 0.250952
0.290123 0.240833
0.282326 0.239167
0.276006 0.240455
0.269006 0.239
0.261474 0.24197
0.253636 0.240385
0.248361 0.232879
0.242867 0.232879
0.236488 0.227727
0.237492 0.239167
0.230727 0.236796
0.222134 0.240455
0.21465 0.242949
0.220078 0.25
0.227745 0.2475
0.234469 0.251161
0.241546 0.248048
0.247555 0.246053
0.254012 0.251631
0.260963 0.251337
0.269006 0.248333
0.277326 0.250873
0.284249 0.250758
0.287804 0.260197
0.291061 0.271418
0.296059 0.278496
0.302369 0.283718
0.296328 0.28883
0.299052 0.29888
0.305068 0.296667
0.310916 0.298333
0.317145 0.298333
0.310266 0.2875
0.317434 0.288041
0.323805 0.293721
0.331059 0.298611
0.339181 0.298333
0.344867 0.294445
0.337928 0.288095
0.33002 0.288333
0.324318 0.282083
0.328704 0.277917
0.334485 0.277121
0.340156 0.276667
0.346816 0.274167
0.354358 0.27422
0.352325 0.264815
0.351426 0.25557
0.344612 0.263333
0.338207 0.265
0.330572 0.267222
0.324207 0.268939
0.318995 0.27656
0.313039 0.276223
0.307407 0.276667
0.303119 0.27
0.296296 0.265
0.302056 0.259545
0.310121 0.263026
0.317316 0.263343
0.323912 0.2575
0.329045 0.252
0.333442 0.259074
0.337852 0.253182
0.342755 0.249815
0.347303 0.249815
0.353063 0.242886
0.360354 0.244263
0.368421 0.243333
0.365887 0.235
0.358675 0.230556
0.352068 0.23463
0.345704 0.236538
0.339181 0.24
0.333333 0.243667
0.328106 0.240152
0.324172 0.233333
0.319103 0.233333
0.313817 0.226649
0.305986 0.227287
0.310857 0.216198
0.318518 0.219396
0.324384 0.219545
0.32921 0.225256
0.335283 0.23
0.342801 0.225952
0.350611 0.225303
0.356105 0.219242
0.348649 0.214048
0.341396 0.214697
0.335371 0.218333
0.330859 0.210385
0.323551 0.208304
0.316431 0.206709
0.323447 0.197227
0.332129 0.193036
0.333637 0.202167
0.341131 0.20497
0.341042 0.193885
0.348157 0.195436
0.356846 0.198395
0.350549 0.203872
0.356733 0.208324
0.363878 0.207032
0.361355 0.215417
0.368913 0.21665
0.363548 0.225
0.370493 0.226457
0.375331 0.229929
0.377046 0.239673
0.380715 0.247772
0.371763 0.251429
0.363527 0.255988
0.367915 0.264291
0.376143 0.259615
0.383792 0.257993
0.39961 0.257136
0.407719 0.25742
0.414776 0.256689
0.423227 0.260385
0.429045 0.258333
0.436027 0.256515
0.438862 0.24803
0.429546 0.248095
0.420972 0.248838
0.413489 0.243726
0.405233 0.247051
0.399527 0.242952
0.408382 0.235476
0.400907 0.231161
0.404372 0.222736
0.410888 0.222857
0.416597 0.228571
0.421079 0.237471
0.430275 0.238846
0.438372 0.237564
0.444445 0.236111
0.448718 0.228077
0.441121 0.224659
0.435078 0.226961
0.428852 0.23063
0.424901 0.225692
0.419818 0.216778
0.427126 0.212949
0.432786 0.217369
0.439436 0.213755
0.446386 0.215883
0.454016 0.210875
0.446435 0.20577
0.440921 0.198077
0.435673 0.204722
0.429987 0.200278
0.423799 0.202879
0.418129 0.203182
0.412977 0.209762
0.405202 0.212086
0.407148 0.202718
0.410353 0.19341
0.416002 0.192879
0.422807 0.190333
0.430874 0.189615
0.437135 0.188056
0.432586 0.178056
0.424206 0.178333
0.415085 0.179952
0.415301 0.16835
0.42283 0.165392
0.417041 0.156975
0.422655 0.148348
0.428625 0.153718
0.432605 0.144478
0.440746 0.153052
0.435223 0.15782
0.430382 0.166667
0.441758 0.166055
0.437976 0.173485
0.44309 0.182681
0.44709 0.191667
0.453604 0.189328
0.452242 0.200024
0.459097 0.199095
0.463386 0.207103
0.460301 0.216461
0.454191 0.22
0.455382 0.227593
0.45995 0.232879
0.46737 0.232736
0.463947 0.225
0.468225 0.21653
0.474763 0.218417
0.473197 0.229722
0.479299 0.22574
0.48346 0.23137
0.48799 0.238032
0.49587 0.247767
0.490643 0.246667
0.481706 0.244231
0.476158 0.241154
0.470034 0.243711
0.461014 0.243333
0.45428 0.238939
0.449903 0.244
0.445869 0.250897
0.454416 0.252949
0.450455 0.261945
0.44242 0.261154
0.432837 0.266212
0.438457 0.272381
0.445242 0.272879
0.451462 0.272333
0.457565 0.269615
0.461014 0.278846
0.466684 0.280455
0.474107 0.28312
0.485632 0.278972
0.490209 0.289457
0.496491 0.288333
0.495127 0.28
0.502399 0.282179
0.508547 0.289615
0.516206 0.29087
0.524042 0.29
0.526582 0.281364
0.533847 0.278636
0.539695 0.273182
0.533888 0.267051
0.527113 0.270455
0.521443 0.270152
0.518519 0.28
0.511477 0.280709
0.506815 0.27434
0.513645 0.27
0.517898 0.262273
0.510979 0.258023
0.507526 0.265431
0.502437 0.26375
0.498267 0.267593
0.496345 0.272917
0.489899 0.272273
0.48319 0.267137
0.476068 0.265547
0.470776 0.271936
0.465822 0.263889
0.459773 0.258636
0.465212 0.25141
0.473455 0.255923
0.480507 0.255667
0.486138 0.253889
0.490091 0.260556
0.49681 0.25803
0.503979 0.253608
0.505651 0.245009
0.511679 0.248304
0.518076 0.250758
0.523554 0.254445
0.528885 0.259242
0.535442 0.253182
0.52999 0.247051
0.525791 0.239103
0.520273 0.237333
0.515805 0.240549
0.510525 0.23701
0.503385 0.235
0.498717 0.226968
0.502534 0.220667
0.509046 0.226378
0.515414 0.22713
0.520447 0.222939
0.525341 0.227667
0.530539 0.225
0.535304 0.227963
0.541113 0.228939
0.547493 0.22197
0.554094 0.219444
0.561138 0.215303
0.567773 0.209578
0.560915 0.20395
0.555545 0.201326
0.549701 0.196744
0.545799 0.204956
0.551732 0.210128
0.543751 0.212037
0.539961 0.219
0.535974 0.212857
0.530827 0.208898
0.526026 0.215261
0.519136 0.208736
0.51436 0.214794
0.506823 0.213333
0.497895 0.212183
0.501364 0.201917
0.509288 0.201863
0.515595 0.196111
0.510303 0.186667
0.503769 0.187889
0.496624 0.194155
0.491302 0.186108
0.497342 0.181364
0.503119 0.173
0.496101 0.171667
0.4901 0.172496
0.494562 0.160517
0.502924 0.160714
0.499208 0.151116
0.507563 0.151379
0.51217 0.160021
0.51838 0.167003
0.510526 0.173
0.517767 0.179714
0.526553 0.18053
0.53481 0.185573
0.527999 0.191364
0.52128 0.190278
0.52465 0.202593
0.531436 0.198833
0.537041 0.200021
0.542456 0.198686
0.543158 0.188635
0.54156 0.178357
0.550104 0.177532
0.552632 0.186538
0.559829 0.180964
0.576656 0.155139
0.5846 0.153667
0.580383 0.141837
0.587819 0.14114
0.59274 0.147719
0.592762 0.159705
0.587801 0.168368
0.580732 0.167063
0.567706 0.188355
0.559445 0.191683
0.567228 0.198366
0.574677 0.199531
0.579399 0.209761
0.586507 0.215878
0.594167 0.219103
0.600165 0.216282
0.60852 0.21252
0.615777 0.208705
0.6218 0.204531
0.615822 0.1975
0.608605 0.2
0.601815 0.206026
0.59105 0.206841
0.595569 0.198764
0.601023 0.192311
0.606793 0.18873
0.61352 0.188458
0.622737 0.189934
0.632684 0.187889
0.628833 0.178476
0.636536 0.169768
0.644874 0.171465
0.638701 0.179872
0.647678 0.185072
0.641591 0.188636
0.644647 0.199299
0.638411 0.200207
0.63256 0.198376
0.626354 0.198988
0.631586 0.207687
0.637817 0.212
0.642279 0.218004
0.633262 0.218636
0.626706 0.214333
0.621035 0.217121
0.614331 0.218657
0.606535 0.223841
0.614035 0.226667
0.61345 0.235
0.606271 0.234359
0.599906 0.229458
0.59463 0.233485
0.591084 0.240935
0.585932 0.247222
0.579503 0.247045
0.571085 0.244556
0.56461 0.248653
0.559662 0.239736
0.565527 0.233718
0.572646 0.230227
0.577285 0.236796
0.583315 0.233632
0.588682 0.227814
0.579696 0.223087
0.573152 0.21612
0.567349 0.222865
0.560074 0.225606
0.554945 0.232042
0.548789 0.232515
0.543665 0.237333
0.534438 0.238611
0.540227 0.245303
0.546698 0.247971
0.55094 0.254483
0.539961 0.259444
0.545584 0.263718
0.551918 0.266412
0.554861 0.27475
0.545584 0.277051
0.550328 0.284394
0.55689 0.286639
0.558902 0.297913
0.551657 0.297381
0.545484 0.2925
0.539736 0.287051
0.532961 0.288939
0.530126 0.297121
0.535974 0.304394
0.54005 0.298939
0.544277 0.308095
0.551869 0.309737
0.559185 0.308508
0.559339 0.318348
0.559783 0.328373
0.552332 0.323461
0.546333 0.319435
0.540286 0.324722
0.537199 0.316111
0.531406 0.310556
0.525685 0.306217
0.520807 0.299898
0.512346 0.300833
0.506065 0.301296
0.501772 0.296212
0.495885 0.297963
0.494795 0.306136
0.500975 0.31
0.509357 0.311333
0.516569 0.31
0.523843 0.316123
0.530106 0.319445
0.531898 0.32803
0.52492 0.328351
0.519298 0.322
0.512995 0.320833
0.505415 0.317593
0.497976 0.319824
0.502924 0.325667
0.509259 0.330555
0.515595 0.331667
0.521199 0.335417
0.526782 0.339741
0.534438 0.336667
0.540953 0.33503
0.546792 0.333348
0.553021 0.335
0.559979 0.339103
0.561498 0.349839
0.55563 0.352692
0.546784 0.355513
0.551332 0.345278
0.543581 0.345952
0.537216 0.34717
0.530975 0.347385
0.537315 0.358095
0.528752 0.357222
0.523197 0.353
0.520078 0.346667
0.515595 0.342333
0.509357 0.341667
0.502779 0.336193
0.488576 0.339149
0.483165 0.341061
0.478384 0.336223
0.472895 0.336231
0.467836 0.340556
0.458739 0.339722
0.452729 0.343889
0.447191 0.339545
0.441521 0.338363
0.435119 0.336695
0.427475 0.338369
0.417139 0.338355
0.410169 0.340833
0.405192 0.337121
0.400368 0.332778
0.393674 0.338939
0.397749 0.344394
0.402888 0.349848
0.409682 0.351296
0.416829 0.349167
0.423379 0.346298
0.430872 0.347833
0.437445 0.349545
0.442811 0.349833
0.447523 0.353846
0.453706 0.355859
0.459454 0.358333
0.461988 0.348571
0.468083 0.354261
0.47436 0.348909
0.478947 0.353333
0.484555 0.353974
0.490337 0.353708
0.505278 0.350836
0.512086 0.351667
0.51384 0.359333
0.50849 0.365138
0.517349 0.369
0.520273 0.362
0.525873 0.367121
0.533301 0.368889
0.539149 0.369444
0.546075 0.364697
0.553541 0.365444
0.560716 0.363201
0.559737 0.376165
0.554226 0.380151
0.548556 0.376212
0.542722 0.377222
0.535797 0.38197
0.527569 0.384762
0.527453 0.375833
0.518518 0.378333
0.51121 0.375141
0.511652 0.385132
0.517898 0.388636
0.513673 0.396659
0.521832 0.394
0.528265 0.394333
0.536062 0.391667
0.543581 0.389286
0.551072 0.388333
0.559512 0.39035
0.552454 0.397424
0.559833 0.400987
0.562555 0.410455
0.556353 0.410455
0.550232 0.409615
0.542235 0.408704
0.545809 0.4
0.538553 0.402037
0.533382 0.40125
0.532055 0.409444
0.526227 0.403788
0.520663 0.407667
0.515448 0.407115
0.515455 0.419524
0.524987 0.415606
0.531898 0.41803
0.53747 0.423518
0.540227 0.416515
0.54654 0.417917
0.550926 0.422083
0.556353 0.422879
0.562573 0.422333
0.569201 0.418333
0.577373 0.413205
0.568954 0.408311
0.575063 0.403308
0.582934 0.403788
0.586833 0.411667
0.591834 0.407222
0.596166 0.406111
0.601364 0.404333
0.605653 0.399333
0.610721 0.399333
0.615226 0.403889
0.621832 0.402333
0.628301 0.397727
0.634719 0.402407
0.638645 0.397917
0.644427 0.399545
0.64992 0.399545
0.656123 0.399545
0.661403 0.396667
0.668031 0.396667
0.673489 0.396667
0.680197 0.394608
0.683564 0.402956
0.677875 0.407222
0.670565 0.409286
0.66358 0.406944
0.658072 0.413788
0.653021 0.409667
0.647998 0.414231
0.641591 0.409848
0.635212 0.41197
0.628832 0.409545
0.621832 0.411
0.61306 0.413182
0.607407 0.412333
0.605795 0.422576
0.600877 0.416111
0.594453 0.418939
0.589491 0.423788
0.584795 0.423333
0.580355 0.420556
0.575049 0.426667
0.568526 0.430128
0.560754 0.431944
0.55653 0.44
0.550982 0.433205
0.545011 0.429545
0.539636 0.432407
0.532961 0.430455
0.52714 0.428846
0.520734 0.423485
0.516427 0.431951
0.516873 0.441612
0.523002 0.436667
0.527534 0.442083
0.533138 0.441667
0.538986 0.441667
0.545224 0.441667
0.552144 0.446944
0.546784 0.451667
0.54191 0.453333
0.537037 0.451667
0.531366 0.452879
0.525585 0.452083
0.521226 0.449815
0.515855 0.452733
0.517093 0.463526
0.522222 0.466667
0.526316 0.461
0.537687 0.461296
0.532922 0.466111
0.528373 0.470926
0.530945 0.479167
0.524101 0.478636
0.517049 0.475
0.517475 0.485908
0.52605 0.488636
0.534438 0.484722
0.540936 0.489848
0.534379 0.494697
0.526316 0.497667
0.518973 0.494932
0.516378 0.50415
0.523959 0.506182
0.532089 0.504487
0.539734 0.503709
0.548257 0.504683
0.545267 0.496852
0.549485 0.489652
0.555786 0.48382
0.563341 0.484079
0.570824 0.484707
0.579813 0.48652
0.587169 0.483394
0.594552 0.483449
0.601159 0.482452
0.608285 0.481281
0.615387 0.48119
0.620641 0.487222
0.62768 0.486111
0.633087 0.488577
0.637424 0.49561
0.629853 0.500338
0.622966 0.495823
0.61501 0.491667
0.609162 0.491667
0.602664 0.4925
0.594317 0.495769
0.58642 0.495889
0.581571 0.504744
0.576583 0.496694
0.570349 0.497147
0.564708 0.494674
0.556809 0.495238
0.556156 0.505173
0.565238 0.507145
0.573099 0.509222
0.579177 0.516187
0.586109 0.514278
0.590635 0.506609
0.599252 0.502482
0.608172 0.501616
0.614636 0.502504
0.619101 0.505264
0.625731 0.507333
0.633138 0.512333
0.636647 0.505667
0.64305 0.504231
0.649123 0.499286
0.655945 0.506667
0.665042 0.505833
0.67232 0.498778
0.678006 0.502477
0.678376 0.489374
0.670164 0.483857
0.666667 0.492778
0.661084 0.496818
0.655781 0.492118
0.650462 0.48729
0.643497 0.489474
0.638579 0.482576
0.645809 0.478333
0.652407 0.476842
0.660249 0.482769
0.665996 0.475263
0.674878 0.476215
0.681035 0.474917
0.676938 0.464743
0.670144 0.46289
0.662929 0.46588
0.656412 0.470156
0.647173 0.466163
0.642111 0.468787
0.636632 0.47321
0.630624 0.471594
0.62509 0.476284
0.619663 0.4725
0.612647 0.469207
0.604511 0.470756
0.59909 0.467126
0.593541 0.471541
0.588802 0.467222
0.585593 0.459545
0.592008 0.456667
0.597289 0.456212
0.603119 0.454667
0.607921 0.460151
0.614035 0.456667
0.620854 0.459202
0.627247 0.459845
0.636871 0.460372
0.63291 0.452244
0.625731 0.448333
0.616948 0.446673
0.607962 0.446282
0.600124 0.444697
0.593957 0.443333
0.588428 0.447424
0.583821 0.443333
0.577787 0.44572
0.580312 0.454667
0.574507 0.456162
0.568758 0.451061
0.567251 0.459333
0.562963 0.464
0.573011 0.466212
0.579745 0.466212
0.583342 0.474344
0.575049 0.476533
0.567251 0.473268
0.559174 0.472267
0.552096 0.470395
0.549123 0.478333
0.542837 0.480264
0.537999 0.473333
0.543765 0.467671
0.548246 0.460833
0.555331 0.459615
0.559543 0.452273
0.562555 0.442879
0.568226 0.441667
0.573892 0.439528
0.580672 0.433718
0.589344 0.434722
0.596403 0.428939
0.599848 0.43463
0.60582 0.432857
0.611997 0.437121
0.620147 0.437996
0.62706 0.437424
0.621567 0.428636
0.61396 0.427051
0.617934 0.419
0.625465 0.419848
0.630154 0.426538
0.634893 0.422667
0.641325 0.421667
0.649318 0.426333
0.655591 0.425
0.662443 0.426667
0.664717 0.417667
0.67034 0.424231
0.675926 0.419722
0.682393 0.416544
0.682485 0.428907
0.678097 0.432879
0.673099 0.436667
0.667191 0.436282
0.658644 0.436282
0.663418 0.445278
0.655361 0.447333
0.651722 0.440278
0.646376 0.440454
0.642885 0.432
0.637515 0.434394
0.632908 0.441061
0.639601 0.446282
0.644687 0.453208
0.651334 0.457469
0.658085 0.45698
0.663743 0.454879
0.670565 0.450618
0.680077 0.455645
0.676856 0.445606
0.682706 0.443433
0.702264 0.433824
0.709389 0.434167
0.716374 0.428333
0.725371 0.426282
0.734113 0.427667
0.74269 0.424333
0.750877 0.420667
0.747563 0.413889
0.741325 0.414667
0.736257 0.418667
0.73126 0.416212
0.725958 0.412222
0.719373 0.418846
0.711988 0.419444
0.706238 0.425
0.701686 0.417707
0.707212 0.412667
0.704195 0.404805
0.713645 0.406333
0.720663 0.408
0.720982 0.398636
0.71345 0.394048
0.70645 0.393788
0.700847 0.396149
0.701128 0.383654
0.709552 0.383333
0.71384 0.374
0.709162 0.369333
0.703969 0.374091
0.698257 0.369943
0.701169 0.36
0.706238 0.36
0.713184 0.359848
0.718773 0.364231
0.724009 0.3675
0.730994 0.368333
0.73764 0.362879
0.730994 0.359
0.725412 0.353788
0.719564 0.35197
0.71407 0.345303
0.709064 0.349722
0.702729 0.346667
0.696185 0.345213
0.696298 0.355565
0.678213 0.352188
0.678505 0.361806
0.670565 0.363333
0.663012 0.362917
0.665497 0.355333
0.658111 0.357222
0.653819 0.361667
0.651234 0.370833
0.644737 0.366944
0.637427 0.367381
0.63025 0.363182
0.627355 0.370185
0.621607 0.366538
0.614035 0.368333
0.607212 0.365
0.601543 0.360446
0.59576 0.36125
0.592593 0.368333
0.598688 0.371972
0.60575 0.374167
0.612898 0.379444
0.618908 0.38
0.625806 0.379615
0.632554 0.377667
0.638207 0.379
0.645224 0.378333
0.652263 0.381296
0.657717 0.372879
0.663526 0.372037
0.667858 0.376111
0.673879 0.373333
0.679894 0.373205
0.680859 0.38457
0.67244 0.384487
0.665475 0.387222
0.660553 0.383182
0.654971 0.389
0.646908 0.388636
0.640351 0.388333
0.633303 0.389615
0.624156 0.389872
0.617446 0.393056
0.609611 0.387564
0.603716 0.386667
0.599409 0.392503
0.5953 0.39463
0.589019 0.396667
0.579816 0.394864
0.579479 0.384266
0.586109 0.387722
0.592592 0.383333
0.598751 0.380931
0.588094 0.37561
0.582304 0.376111
0.579371 0.368444
0.586824 0.36441
0.582662 0.357126
0.590656 0.353333
0.580714 0.348437
0.580646 0.337667
0.588192 0.342943
0.596048 0.343788
0.603639 0.345
0.598116 0.352037
0.60739 0.353788
0.61306 0.358333
0.618665 0.357917
0.625791 0.354452
0.621796 0.348377
0.61371 0.348056
0.617895 0.341016
0.625465 0.33803
0.63025 0.344394
0.635743 0.339849
0.640364 0.347796
0.63391 0.354817
0.641599 0.357126
0.648302 0.354499
0.653606 0.348333
0.660819 0.346667
0.668031 0.346667
0.673002 0.348056
0.67749 0.341133
0.674635 0.332384
0.669945 0.328636
0.672049 0.316321
0.665705 0.316732
0.658957 0.317878
0.651699 0.318961
0.646895 0.325714
0.655251 0.32863
0.662443 0.328611
0.665515 0.337424
0.656654 0.33803
0.649957 0.338939
0.644644 0.340013
0.640838 0.33375
0.639961 0.325
0.633203 0.33
0.625406 0.328056
0.618413 0.330273
0.612161 0.332268
0.608577 0.339333
0.604554 0.329848
0.599238 0.333788
0.592817 0.332949
0.584688 0.331039
0.588474 0.322958
0.580348 0.322174
0.579421 0.309773
0.58577 0.31
0.592327 0.311364
0.595517 0.319615
0.601187 0.319545
0.607375 0.318889
0.613044 0.321667
0.619972 0.319545
0.63002 0.320667
0.626056 0.31463
0.633138 0.309333
0.636452 0.316667
0.642056 0.315417
0.647174 0.311
0.654971 0.308333
0.661793 0.305667
0.667955 0.302847
0.664058 0.28991
0.659844 0.296333
0.654191 0.297667
0.648148 0.301667
0.641946 0.303788
0.638185 0.299815
0.633637 0.297222
0.62768 0.302778
0.622585 0.307216
0.616766 0.309507
0.611501 0.31
0.602339 0.309
0.606563 0.301944
0.597986 0.300556
0.590909 0.301364
0.583623 0.297684
0.578087 0.297517
0.577012 0.286505
0.584572 0.286271
0.590909 0.29197
0.596266 0.284487
0.590378 0.279848
0.584687 0.27463
0.579745 0.272879
0.57355 0.275683
0.574824 0.264704
0.568548 0.261124
0.574814 0.255316
0.582651 0.259667
0.588694 0.266667
0.594988 0.271075
0.602339 0.275
0.610482 0.274318
0.616569 0.273333
0.621248 0.266667
0.627156 0.266282
0.635212 0.272879
0.63025 0.276515
0.626272 0.281296
0.621035 0.280455
0.615139 0.28655
0.60818 0.282335
0.601527 0.287778
0.606823 0.292
0.612878 0.297126
0.619245 0.297758
0.624048 0.291364
0.630388 0.290556
0.63629 0.286111
0.642084 0.288704
0.646415 0.291296
0.651267 0.289
0.657407 0.283889
0.65183 0.279074
0.648538 0.273667
0.6423 0.278636
0.640351 0.268333
0.646199 0.266111
0.653022 0.264333
0.653996 0.255
0.648148 0.253333
0.653022 0.245667
0.659094 0.239615
0.666401 0.241061
0.674689 0.239615
0.668705 0.232879
0.663353 0.226667
0.657895 0.225
0.653287 0.233182
0.648343 0.238
0.643363 0.240152
0.636452 0.243974
0.641521 0.249667
0.64295 0.258704
0.635703 0.260128
0.630959 0.255303
0.625146 0.253333
0.619493 0.255667
0.615005 0.259987
0.610867 0.264621
0.60401 0.264048
0.597318 0.262308
0.591139 0.254861
0.598016 0.251016
0.606763 0.254231
0.601879 0.242941
0.608945 0.243889
0.613612 0.247976
0.617665 0.242464
0.62297 0.243056
0.630799 0.244333
0.627874 0.235977
0.620355 0.230505
0.626177 0.225592
0.632713 0.229476
0.638397 0.229989
0.644249 0.228333
0.649389 0.223182
0.6531 0.215587
0.645992 0.210297
0.650918 0.203801
0.657674 0.208842
0.664065 0.211611
0.672227 0.21498
0.668226 0.220667
0.674997 0.226283
0.680887 0.227927
0.681287 0.238333
0.686632 0.239511
0.691493 0.248293
0.685417 0.252768
0.680046 0.24803
0.67244 0.251154
0.664609 0.248704
0.659667 0.253788
0.665869 0.259546
0.661262 0.265303
0.657245 0.272037
0.663412 0.276212
0.671378 0.270833
0.672515 0.261667
0.679894 0.26
0.68522 0.267801
0.690488 0.26
0.696548 0.259645
0.699724 0.268143
0.692628 0.272273
0.687289 0.27977
0.679857 0.275222
0.673141 0.2796
0.677676 0.287818
0.682509 0.292952
0.68997 0.288939
0.696231 0.291296
0.696881 0.281389
0.70254 0.276817
0.705111 0.286839
0.714276 0.28233
0.720056 0.281296
0.718908 0.291
0.712005 0.293649
0.707602 0.300556
0.701267 0.296944
0.693567 0.299
0.685762 0.301948
0.687537 0.313098
0.692982 0.309
0.699025 0.309
0.704288 0.31
0.710039 0.313889
0.71526 0.305714
0.720858 0.299333
0.726689 0.291019
0.733387 0.295606
0.736062 0.304333
0.729842 0.306212
0.724151 0.30633
0.722222 0.314697
0.716861 0.319722
0.711235 0.325303
0.703969 0.321364
0.696527 0.318939
0.691179 0.324869
0.692867 0.335856
0.698397 0.33463
0.701429 0.329074
0.706478 0.335769
0.712476 0.335
0.717934 0.333333
0.722807 0.326333
0.728222 0.32228
0.733618 0.316539
0.740741 0.313333
0.747918 0.311061
0.741932 0.30537
0.74308 0.297667
0.749513 0.296515
0.752827 0.304667
0.757797 0.299444
0.763422 0.304637
0.769001 0.300014
0.773552 0.303533
0.778319 0.303889
0.780312 0.296
0.774704 0.289615
0.769006 0.284744
0.764058 0.292692
0.75809 0.286333
0.751012 0.286282
0.74269 0.288333
0.735418 0.286282
0.730645 0.278593
0.724171 0.276667
0.718041 0.269067
0.72283 0.262688
0.72768 0.268333
0.734614 0.268024
0.738954 0.275
0.744864 0.277564
0.751162 0.273205
0.75851 0.274487
0.765107 0.275513
0.767892 0.265714
0.75716 0.263974
0.750262 0.259615
0.74399 0.265278
0.742684 0.254993
0.736224 0.258634
0.729665 0.257727
0.726046 0.249473
0.71876 0.253412
0.719576 0.24034
0.725741 0.238009
0.72637 0.226693
0.733676 0.220017
0.735232 0.230056
0.741949 0.224703
0.750989 0.223384
0.758039 0.226747
0.763153 0.221628
0.758532 0.213885
0.768031 0.211667
0.765804 0.204507
0.774145 0.204697
0.781655 0.204964
0.789189 0.20192
0.796701 0.203617
0.800195 0.209667
0.806043 0.207634
0.811901 0.208945
0.817093 0.206467
0.82238 0.197652
0.815359 0.196137
0.809941 0.196699
0.803121 0.195974
0.795053 0.194726
0.788687 0.19118
0.781998 0.194866
0.777778 0.187667
0.773402 0.19438
0.76611 0.19364
0.764554 0.18173
0.771132 0.180455
0.776966 0.1775
0.781942 0.173182
0.768951 0.169753
0.77601 0.164129
0.783802 0.162147
0.789746 0.167988
0.795098 0.174244
0.78642 0.181667
0.795329 0.185024
0.802925 0.183703
0.810916 0.184083
0.818387 0.186743
0.826966 0.183667
0.820273 0.177333
0.814119 0.171667
0.807242 0.172949
0.800785 0.168016
0.807225 0.16068
0.81371 0.156043
0.822311 0.153128
0.828837 0.158767
0.818713 0.163333
0.823941 0.169242
0.829612 0.172879
0.835283 0.173333
0.841688 0.173333
0.847711 0.16579
0.840397 0.160048
0.834582 0.157259
0.845983 0.152801
0.853347 0.152333
0.847758 0.141861
0.856243 0.140208
0.863653 0.146777
0.859561 0.155
0.86657 0.161675
0.859874 0.165769
0.853785 0.168846
0.863859 0.176316
0.857318 0.182322
0.850074 0.181471
0.843892 0.184722
0.836452 0.186333
0.82873 0.193466
0.834456 0.197463
0.840019 0.200998
0.844579 0.195769
0.851852 0.196667
0.859523 0.19563
0.861986 0.207042
0.852712 0.209118
0.844208 0.209772
0.836257 0.209
0.829735 0.206538
0.822346 0.208939
0.82467 0.216111
0.832748 0.217667
0.840156 0.218333
0.848164 0.22044
0.855878 0.22044
0.863472 0.218985
0.865093 0.23
0.859394 0.233551
0.852649 0.232879
0.847222 0.232083
0.842836 0.227917
0.837448 0.227222
0.831384 0.226111
0.825049 0.22375
0.820785 0.229525
0.816072 0.219878
0.809725 0.22537
0.806752 0.21803
0.798423 0.218939
0.792788 0.22
0.790253 0.211
0.784955 0.215909
0.778747 0.21499
0.773541 0.216409
0.768752 0.221211
0.772173 0.2275
0.766082 0.234048
0.773879 0.235
0.781785 0.232778
0.779461 0.224697
0.787524 0.226667
0.794347 0.232222
0.800845 0.226481
0.805068 0.232333
0.812944 0.23373
0.819103 0.239333
0.825536 0.24
0.828785 0.233148
0.835499 0.237222
0.841131 0.238333
0.846978 0.24197
0.855945 0.242
0.865207 0.244458
0.859974 0.25
0.853004 0.253788
0.847953 0.250333
0.839441 0.250111
0.83227 0.244394
0.82963 0.252667
0.822656 0.250724
0.815612 0.247121
0.810185 0.245417
0.805068 0.242778
0.798955 0.239848
0.790611 0.240556
0.784795 0.241
0.778752 0.242333
0.774204 0.246852
0.768811 0.245667
0.763158 0.246333
0.758759 0.239702
0.753396 0.235649
0.746589 0.234048
0.739771 0.236684
0.732372 0.240121
0.735159 0.248636
0.742943 0.245267
0.749335 0.246132
0.75487 0.250543
0.761958 0.256282
0.770305 0.256667
0.777778 0.255667
0.783626 0.252222
0.789474 0.254444
0.795097 0.251154
0.800945 0.253718
0.809233 0.254697
0.816223 0.258704
0.821671 0.261676
0.827283 0.263766
0.833836 0.260201
0.839739 0.265142
0.844054 0.259667
0.848928 0.264333
0.854386 0.266667
0.858458 0.259444
0.863814 0.263485
0.868576 0.25575
0.871445 0.265912
0.876235 0.271335
0.879198 0.281226
0.884672 0.27653
0.889825 0.271995
0.896898 0.271986
0.894471 0.28197
0.902568 0.28076
0.902933 0.292856
0.894737 0.291667
0.887141 0.285348
0.887079 0.29638
0.880767 0.291296
0.873294 0.287667
0.869287 0.293889
0.876803 0.297333
0.881535 0.304697
0.886615 0.309074
0.891563 0.305427
0.896597 0.301667
0.901528 0.30757
0.896299 0.315919
0.892912 0.32474
0.887737 0.319545
0.882456 0.32
0.877193 0.325667
0.877459 0.334697
0.885256 0.331364
0.893053 0.334697
0.899688 0.32899
0.905822 0.330149
0.901996 0.342286
0.90816 0.351521
0.901968 0.357269
0.895003 0.35803
0.890448 0.364667
0.885965 0.359
0.881676 0.366667
0.876057 0.365654
0.873332 0.352864
0.880604 0.353611
0.887914 0.349545
0.896686 0.349
0.891618 0.343
0.884016 0.340333
0.877518 0.34463
0.871352 0.340639
0.869386 0.331735
0.865669 0.322581
0.871345 0.319444
0.87768 0.315
0.874464 0.309
0.87102 0.303148
0.864788 0.310636
0.859325 0.302451
0.864739 0.297222
0.859757 0.292037
0.852937 0.28866
0.858431 0.284583
0.865497 0.284333
0.872076 0.27875
0.866472 0.274333
0.859649 0.274048
0.852014 0.278056
0.846071 0.274178
0.834294 0.273529
0.8268 0.274641
0.820701 0.271023
0.816464 0.279229
0.81065 0.276515
0.804843 0.272436
0.812703 0.265833
0.805068 0.262333
0.797466 0.266333
0.790448 0.265
0.7846 0.266667
0.778303 0.265769
0.77374 0.274286
0.779952 0.279615
0.786745 0.277667
0.792788 0.275
0.798995 0.280385
0.791689 0.285303
0.784211 0.288333
0.786745 0.297667
0.792008 0.296667
0.796946 0.293148
0.802794 0.2925
0.805826 0.28463
0.811164 0.290173
0.81703 0.293485
0.824118 0.294091
0.822387 0.283718
0.829766 0.28322
0.839246 0.284676
0.834053 0.290222
0.841045 0.295357
0.845447 0.301202
0.847903 0.310558
0.839831 0.31
0.835867 0.302667
0.830144 0.29803
0.826245 0.305303
0.819688 0.304333
0.812865 0.303333
0.805878 0.302914
0.800205 0.304402
0.794526 0.30719
0.788503 0.310081
0.782819 0.310532
0.776559 0.314583
0.770955 0.313346
0.765107 0.313889
0.759277 0.311696
0.754131 0.316834
0.760234 0.323333
0.767836 0.322667
0.773239 0.326796
0.77999 0.321919
0.786561 0.321638
0.792398 0.322576
0.79673 0.317222
0.802321 0.316212
0.808169 0.313788
0.814815 0.315952
0.821881 0.314583
0.827485 0.315
0.832943 0.313333
0.836932 0.323205
0.842903 0.319545
0.850301 0.320282
0.853503 0.330862
0.84627 0.329848
0.84152 0.334667
0.838207 0.342333
0.848042 0.340455
0.85568 0.342724
0.851121 0.34875
0.844852 0.350455
0.839181 0.353333
0.833156 0.350455
0.827729 0.35125
0.825536 0.359333
0.818713 0.36
0.821854 0.349444
0.814726 0.351061
0.809357 0.348667
0.803184 0.341222
0.81065 0.338636
0.818129 0.341667
0.822612 0.333333
0.827485 0.341111
0.834219 0.335606
0.830734 0.329444
0.827702 0.324259
0.820468 0.323333
0.815435 0.331061
0.810526 0.325333
0.805848 0.328667
0.799545 0.3275
0.796881 0.336333
0.79198 0.339802
0.788916 0.331649
0.781677 0.331667
0.774482 0.336508
0.768345 0.340823
0.764945 0.332222
0.757664 0.334394
0.753179 0.327935
0.746349 0.331396
0.747953 0.321667
0.740741 0.322619
0.734269 0.328342
0.739277 0.336136
0.73267 0.337726
0.725766 0.335606
0.721247 0.342333
0.729435 0.346
0.735567 0.350128
0.741282 0.349444
0.745272 0.342283
0.751639 0.339545
0.758934 0.343611
0.763483 0.351111
0.768995 0.351676
0.775016 0.350556
0.779142 0.343333
0.784211 0.342667
0.788986 0.34625
0.796131 0.349554
0.800904 0.353788
0.806397 0.357727
0.8126 0.363485
0.806693 0.367963
0.79922 0.365
0.793381 0.36279
0.789208 0.354697
0.781902 0.356282
0.774994 0.362833
0.769183 0.362879
0.764132 0.367
0.759844 0.362333
0.75596 0.354744
0.749512 0.350833
0.744054 0.358333
0.750487 0.363333
0.754776 0.370667
0.747997 0.374259
0.74331 0.368939
0.738791 0.375
0.730994 0.377667
0.723463 0.37803
0.717083 0.38197
0.721513 0.388636
0.728936 0.386111
0.736753 0.383788
0.744551 0.384394
0.750487 0.382667
0.755361 0.384333
0.760234 0.376667
0.768031 0.376667
0.775562 0.375303
0.780341 0.368958
0.786374 0.366283
0.789863 0.374
0.796296 0.375
0.802729 0.374
0.810721 0.376333
0.816179 0.373333
0.82146 0.371667
0.828017 0.367727
0.833821 0.362778
0.840156 0.365667
0.846004 0.361667
0.851462 0.358667
0.858162 0.35473
0.85575 0.366111
0.860844 0.370315
0.862617 0.381461
0.856725 0.38
0.851054 0.377121
0.847195 0.370926
0.83989 0.374697
0.832624 0.375303
0.824886 0.38
0.832624 0.384697
0.839181 0.385
0.844834 0.382333
0.847628 0.390185
0.853801 0.388333
0.862066 0.392544
0.854532 0.397917
0.849318 0.4
0.844163 0.401296
0.840697 0.39537
0.834574 0.394697
0.826836 0.390833
0.819526 0.387778
0.814226 0.386654
0.807992 0.383889
0.800845 0.384167
0.805176 0.392407
0.800845 0.397222
0.795127 0.400667
0.787524 0.401
0.781189 0.396944
0.78694 0.39
0.793106 0.391364
0.793264 0.382778
0.784423 0.379545
0.779402 0.385833
0.772515 0.385
0.773879 0.395
0.766894 0.392222
0.762021 0.388333
0.75692 0.394667
0.751816 0.39803
0.746589 0.395
0.741325 0.393333
0.735055 0.394167
0.727539 0.395606
0.731319 0.404167
0.738791 0.405
0.746004 0.405
0.753766 0.408939
0.75731 0.416667
0.762914 0.415417
0.76619 0.409444
0.760909 0.403205
0.770246 0.404394
0.776053 0.407564
0.783301 0.409167
0.790665 0.409444
0.795646 0.412407
0.800682 0.407083
0.808642 0.40463
0.811005 0.396212
0.816959 0.401889
0.823749 0.400278
0.83027 0.404286
0.836257 0.407222
0.8423 0.410667
0.848278 0.414722
0.84432 0.423485
0.838791 0.42
0.833528 0.419
0.827875 0.416667
0.822387 0.412436
0.816764 0.417
0.811891 0.413333
0.805068 0.412333
0.806433 0.421667
0.800195 0.421
0.794347 0.423333
0.788282 0.42537
0.786766 0.417963
0.780312 0.42
0.774854 0.42
0.769737 0.419167
0.767273 0.425741
0.761209 0.425
0.754652 0.428636
0.746914 0.430185
0.740351 0.434
0.735867 0.441667
0.730604 0.434
0.725688 0.439444
0.721356 0.437593
0.716374 0.438333
0.710526 0.443889
0.702048 0.446711
0.708577 0.453461
0.716591 0.45537
0.718107 0.447963
0.723928 0.452083
0.72872 0.446481
0.731969 0.453485
0.737573 0.4575
0.740351 0.450667
0.744373 0.444697
0.748928 0.439333
0.754711 0.437593
0.761209 0.435
0.767706 0.433889
0.774854 0.431667
0.781514 0.430833
0.788499 0.435
0.79417 0.436212
0.801061 0.437222
0.80117 0.43
0.808154 0.433889
0.81309 0.427051
0.819865 0.427121
0.825359 0.427121
0.831871 0.429444
0.838207 0.431667
0.844279 0.437051
0.837941 0.44197
0.831628 0.442083
0.827269 0.438704
0.822125 0.440833
0.816277 0.439167
0.810777 0.445714
0.804093 0.445
0.797271 0.446667
0.788889 0.445
0.783084 0.440556
0.775828 0.44
0.768762 0.44125
0.763645 0.446389
0.757093 0.44537
0.750562 0.451154
0.75796 0.455278
0.764522 0.459333
0.769656 0.45463
0.772688 0.447963
0.778996 0.447917
0.777778 0.456667
0.784211 0.453333
0.791748 0.454167
0.799545 0.456667
0.806397 0.455606
0.816989 0.452949
0.823409 0.452879
0.829191 0.45125
0.836523 0.451364
0.844279 0.450385
0.850127 0.44782
0.856238 0.450556
0.854928 0.460589
0.862714 0.460535
0.868577 0.463228
0.868104 0.45013
0.861598 0.446111
0.867477 0.43729
0.861707 0.43537
0.854421 0.437727
0.849828 0.430641
0.854776 0.422222
0.859649 0.428333
0.866853 0.423523
0.862155 0.41619
0.853712 0.411061
0.85835 0.405
0.865126 0.404868
0.880983 0.402564
0.885965 0.404333
0.891281 0.400757
0.898015 0.397727
0.893372 0.39
0.887737 0.389545
0.88127 0.390647
0.878467 0.379757
0.885269 0.375714
0.891033 0.378333
0.895127 0.371333
0.900585 0.369444
0.907054 0.366563
0.914155 0.370385
0.915702 0.360542
0.922838 0.369208
0.921053 0.379848
0.924509 0.386321
0.915382 0.383788
0.910121 0.378655
0.904189 0.380157
0.898015 0.382576
0.901803 0.39125
0.908058 0.390441
0.918696 0.394734
0.912289 0.398306
0.905765 0.401929
0.907155 0.413488
0.90039 0.407333
0.894825 0.411061
0.888726 0.414722
0.882342 0.416398
0.884527 0.428016
0.890218 0.425909
0.895711 0.422333
0.902116 0.421429
0.909223 0.427629
0.919653 0.431792
0.928096 0.434713
0.923587 0.440667
0.926509 0.450336
0.919098 0.450084
0.915134 0.440526
0.910208 0.447108
0.904258 0.450897
0.900006 0.441658
0.906108 0.436667
0.89922 0.431667
0.893053 0.436212
0.885172 0.439572
0.891813 0.445555
0.896521 0.452231
0.886347 0.452877
0.887716 0.463174
0.896083 0.460335
0.904749 0.461364
0.911578 0.460125
0.912512 0.472472
0.905214 0.47125
0.89916 0.469615
0.892029 0.469444
0.886562 0.47473
0.889036 0.484178
0.895737 0.479675
0.902337 0.483683
0.908648 0.479848
0.913531 0.487259
0.90599 0.492215
0.910721 0.498667
0.915287 0.502528
0.906167 0.506515
0.899978 0.500045
0.894624 0.494046
0.887305 0.493996
0.888901 0.504971
0.889122 0.516963
0.895611 0.511727
0.902215 0.514714
0.910888 0.513333
0.916665 0.518921
0.923841 0.519014
0.930598 0.509457
0.936467 0.51603
0.941719 0.507543
0.947739 0.517237
0.95321 0.528892
0.958635 0.538097
0.950592 0.540897
0.945614 0.531889
0.938953 0.527113
0.930803 0.525026
0.925701 0.532949
0.918735 0.534029
0.91293 0.528889
0.907755 0.528963
0.902363 0.525684
0.895711 0.526667
0.889199 0.52959
0.893408 0.538939
0.90051 0.53782
0.907589 0.542867
0.913823 0.543324
0.923116 0.545214
0.931969 0.540333
0.939154 0.54
0.943925 0.549444
0.951887 0.550455
0.95809 0.55
0.963171 0.550247
0.9634 0.563212
0.957533 0.563333
0.950455 0.560278
0.94347 0.561667
0.936891 0.555
0.930799 0.553333
0.924394 0.556667
0.915524 0.55433
0.906344 0.554394
0.901397 0.550278
0.896101 0.55
0.888726 0.545278
0.890533 0.556667
0.897401 0.563222
0.888446 0.56803
0.893053 0.573485
0.898635 0.578889
0.889089 0.583669
0.896199 0.590416
0.888095 0.596484
0.896631 0.602191
0.904307 0.599681
0.911756 0.596282
0.904551 0.587392
0.912281 0.585
0.917964 0.590632
0.922552 0.597564
0.9299 0.598846
0.937679 0.597157
0.945698 0.595952
0.946509 0.584216
0.937817 0.583667
0.92976 0.587444
0.92765 0.576282
0.922095 0.581147
0.915683 0.575603
0.908869 0.576389
0.903105 0.571232
0.907824 0.563234
0.914211 0.565
0.921492 0.567034
0.93015 0.565833
0.935794 0.571458
0.94347 0.572619
0.951592 0.572556
0.961199 0.576036
0.95584 0.581667
0.956382 0.59049
0.952035 0.597872
0.943877 0.606649
0.934564 0.609295
0.926901 0.609235
0.920715 0.609288
0.914385 0.606279
0.908116 0.610151
0.911832 0.620022
0.904708 0.620385
0.899077 0.626808
0.892852 0.618778
0.899836 0.612383
0.889724 0.607143
0.883855 0.613961
0.885185 0.622
0.880117 0.627667
0.875687 0.623563
0.870625 0.621847
0.864685 0.616944
0.867333 0.607175
0.85692 0.610667
0.8577 0.618333
0.850127 0.619615
0.854058 0.628055
0.861037 0.627288
0.86664 0.63169
0.870575 0.640608
0.874978 0.635909
0.880117 0.64
0.88577 0.637667
0.888564 0.628704
0.893197 0.635281
0.901109 0.637051
0.908036 0.633167
0.908083 0.646216
0.902268 0.650151
0.89621 0.646957
0.890059 0.647159
0.883458 0.65
0.87409 0.650412
0.877282 0.657727
0.872687 0.669162
0.87799 0.669545
0.883528 0.662778
0.890918 0.658363
0.898369 0.658636
0.906604 0.659662
0.903641 0.671909
0.897661 0.67
0.891119 0.668037
0.886898 0.673933
0.882391 0.678611
0.891658 0.680553
0.897417 0.68125
0.900484 0.688176
0.894161 0.693306
0.885622 0.689589
0.876968 0.684231
0.870162 0.679977
0.867397 0.688134
0.86018 0.688087
0.855662 0.696212
0.849967 0.705444
0.8577 0.706667
0.86275 0.699545
0.868978 0.7
0.875801 0.695489
0.881179 0.701232
0.888977 0.699545
0.894046 0.706073
0.886355 0.708333
0.888256 0.717317
0.881416 0.715741
0.877304 0.711314
0.872469 0.712252
0.865956 0.713
0.86041 0.717337
0.853821 0.717433
0.846229 0.717051
0.840977 0.724626
0.846488 0.729753
0.853186 0.728645
0.85832 0.733485
0.862573 0.726515
0.868244 0.726212
0.87566 0.726424
0.88222 0.726529
0.872214 0.736024
0.864204 0.740341
0.855437 0.74279
0.849119 0.741326
0.842253 0.740698
0.835931 0.736288
0.829593 0.733666
0.835447 0.724437
0.829634 0.720643
0.824461 0.726695
0.818897 0.719447
0.824428 0.713886
0.833751 0.712857
0.841245 0.707745
0.834308 0.701667
0.827035 0.703718
0.819308 0.704813
0.814093 0.708999
0.809288 0.699706
0.816606 0.694493
0.823941 0.694394
0.83227 0.691667
0.840968 0.693889
0.846394 0.695333
0.85066 0.688646
0.843211 0.681616
0.836582 0.685278
0.827485 0.685278
0.818979 0.684697
0.811864 0.689124
0.805452 0.690909
0.804715 0.681052
0.811111 0.676333
0.818713 0.675
0.825341 0.675667
0.831384 0.672692
0.837745 0.67333
0.836476 0.66058
0.831546 0.655833
0.832893 0.644827
0.838682 0.645946
0.835394 0.632361
0.840389 0.635131
0.846317 0.630565
0.842726 0.623485
0.834341 0.620572
0.839181 0.615667
0.845419 0.611667
0.850877 0.605
0.845191 0.600278
0.839181 0.603333
0.833821 0.605278
0.828194 0.601364
0.827838 0.612285
0.82069 0.606204
0.813131 0.604697
0.804543 0.600385
0.797537 0.60197
0.790803 0.597727
0.784955 0.593182
0.778056 0.592619
0.769786 0.590333
0.763335 0.589545
0.756603 0.588162
0.762508 0.578055
0.758095 0.570942
0.767056 0.568333
0.769201 0.577667
0.774854 0.58
0.780701 0.579359
0.786727 0.582879
0.793047 0.585278
0.797271 0.592333
0.801844 0.583205
0.806043 0.590151
0.812865 0.595
0.820663 0.595
0.827185 0.589872
0.833333 0.59
0.839738 0.59
0.845915 0.582879
0.848765 0.573611
0.854288 0.579722
0.858674 0.587857
0.849624 0.59119
0.856425 0.599872
0.86241 0.598889
0.867331 0.592731
0.867892 0.578749
0.861877 0.575714
0.866244 0.564159
0.857925 0.566795
0.852649 0.562879
0.846329 0.563889
0.843296 0.557593
0.836877 0.557727
0.832359 0.550555
0.826575 0.546555
0.821637 0.553
0.81549 0.553205
0.809245 0.557619
0.799295 0.560385
0.804678 0.564667
0.815232 0.566667
0.822878 0.56197
0.830214 0.563667
0.837941 0.56803
0.841131 0.576667
0.835088 0.577667
0.828655 0.577
0.822055 0.572619
0.820138 0.583718
0.813255 0.585667
0.812053 0.5775
0.807106 0.573182
0.798802 0.573333
0.792008 0.575
0.785575 0.57
0.791841 0.563333
0.787599 0.555256
0.780402 0.561923
0.775504 0.568055
0.770205 0.559102
0.76267 0.559722
0.756886 0.554263
0.764057 0.54782
0.772208 0.549286
0.779532 0.550333
0.785737 0.544167
0.79256 0.544444
0.797496 0.550128
0.804613 0.547222
0.811111 0.541444
0.818992 0.540714
0.816207 0.530476
0.826023 0.533542
0.833783 0.535769
0.838206 0.541667
0.84243 0.548055
0.85039 0.549583
0.858414 0.553444
0.868978 0.555
0.865172 0.546667
0.869558 0.538056
0.859788 0.540238
0.852826 0.537778
0.845882 0.53625
0.856371 0.528939
0.86306 0.529722
0.868839 0.525595
0.869071 0.512937
0.862963 0.515667
0.856238 0.516667
0.850512 0.519167
0.845307 0.523095
0.838816 0.524792
0.831904 0.522778
0.827067 0.515714
0.821507 0.520778
0.815789 0.515278
0.811306 0.524
0.807342 0.517963
0.803332 0.509492
0.81042 0.507083
0.816894 0.504049
0.8205 0.495833
0.825098 0.504083
0.831656 0.505393
0.838531 0.511
0.844731 0.506507
0.851071 0.503699
0.857531 0.505804
0.862744 0.499396
0.86894 0.499811
0.868899 0.488325
0.862963 0.487333
0.855971 0.49369
0.847692 0.494671
0.840978 0.495457
0.83436 0.496218
0.836346 0.486233
0.829664 0.484
0.826191 0.490567
0.818918 0.484292
0.813077 0.491562
0.807017 0.497222
0.801684 0.493866
0.795602 0.488077
0.788006 0.489535
0.782656 0.494478
0.778505 0.487876
0.772559 0.487624
0.768777 0.481189
0.774269 0.475333
0.778969 0.477963
0.784433 0.479436
0.790142 0.476239
0.796126 0.476148
0.801675 0.479568
0.80728 0.483458
0.812843 0.476537
0.819474 0.472542
0.82505 0.476333
0.833184 0.475808
0.842026 0.477384
0.846088 0.485031
0.852078 0.482469
0.859023 0.482004
0.86764 0.476461
0.85957 0.471127
0.851689 0.472222
0.847504 0.463729
0.840688 0.461803
0.835719 0.467662
0.831969 0.459333
0.826286 0.464231
0.818448 0.463788
0.811741 0.462179
0.807602 0.47
0.802321 0.467121
0.795056 0.465303
0.788012 0.463611
0.781901 0.467051
0.774854 0.463889
0.770089 0.466111
0.765993 0.472879
0.760992 0.466111
0.755945 0.469667
0.751624 0.462778
0.744964 0.46
0.743133 0.468939
0.736223 0.466438
0.728727 0.462459
0.722222 0.461667
0.716374 0.465
0.710201 0.463333
0.701852 0.460275
0.700636 0.471718
0.707432 0.473575
0.700372 0.481908
0.700133 0.493181
0.70714 0.486354
0.713677 0.489624
0.720096 0.490454
0.725904 0.492778
0.730769 0.486282
0.723197 0.481667
0.715228 0.476983
0.721572 0.471296
0.726592 0.474216
0.731562 0.473421
0.737019 0.47974
0.743681 0.478915
0.750303 0.476869
0.758521 0.479507
0.763745 0.484853
0.752828 0.48893
0.745768 0.490574
0.739762 0.48986
0.736222 0.496818
0.730518 0.500527
0.72291 0.501949
0.716374 0.501
0.709552 0.5
0.703119 0.503255
0.698885 0.509378
0.7079 0.512859
0.715324 0.512179
0.722363 0.512842
0.728627 0.513333
0.735398 0.509303
0.742147 0.50971
0.743275 0.501667
0.74969 0.500454
0.755361 0.501
0.760396 0.49429
0.766645 0.49615
0.771125 0.500506
0.776623 0.49961
0.780485 0.505741
0.786904 0.503182
0.792836 0.496537
0.797271 0.503333
0.791093 0.5097
0.79726 0.516577
0.801844 0.524744
0.805743 0.533205
0.798246 0.536667
0.793372 0.526667
0.788081 0.533809
0.779309 0.536667
0.772904 0.536667
0.766499 0.536667
0.758285 0.539444
0.75241 0.542543
0.744827 0.532529
0.747563 0.523889
0.752212 0.530385
0.760323 0.529545
0.75789 0.519695
0.765284 0.522879
0.770778 0.523788
0.776626 0.523774
0.782651 0.525667
0.788654 0.519361
0.781663 0.514905
0.773564 0.512433
0.766308 0.510865
0.761031 0.506212
0.754307 0.511563
0.748309 0.514084
0.740184 0.519524
0.736212 0.52814
0.730439 0.524016
0.72395 0.529889
0.71867 0.522274
0.711821 0.523126
0.705815 0.525
0.698203 0.520039
0.696198 0.531659
0.703179 0.533718
0.694466 0.543553
0.701337 0.546667
0.709002 0.541911
0.714216 0.533148
0.718455 0.540298
0.715089 0.552554
0.70762 0.554067
0.69988 0.558846
0.693006 0.556307
0.690617 0.569562
0.69759 0.568636
0.705702 0.565028
0.713689 0.565396
0.709877 0.572037
0.711367 0.580975
0.70456 0.577141
0.697856 0.578333
0.688971 0.581088
0.692533 0.590385
0.698849 0.590039
0.704526 0.589589
0.710599 0.592866
0.706623 0.60099
0.699869 0.602575
0.692425 0.603333
0.685869 0.595263
0.682261 0.607088
0.686685 0.612436
0.691742 0.617727
0.697043 0.615555
0.702785 0.614416
0.708673 0.612755
0.713257 0.60504
0.71787 0.614783
0.723402 0.620174
0.72837 0.628077
0.731574 0.619291
0.738417 0.620696
0.742146 0.610963
0.75202 0.600943
0.759649 0.598333
0.760432 0.607388
0.766348 0.602576
0.771132 0.604697
0.776626 0.603788
0.783301 0.604167
0.789474 0.61
0.79736 0.611667
0.802853 0.614394
0.807992 0.611667
0.814715 0.615032
0.81001 0.625326
0.805068 0.627667
0.800195 0.625667
0.793372 0.628333
0.793372 0.619
0.7861 0.624231
0.777128 0.623611
0.781901 0.615769
0.773554 0.615278
0.764114 0.615693
0.768031 0.622222
0.762538 0.632971
0.769006 0.634333
0.774074 0.632333
0.780864 0.635555
0.78655 0.635
0.792398 0.638333
0.798245 0.638333
0.804094 0.638333
0.810294 0.640543
0.802594 0.64859
0.808967 0.653333
0.816223 0.652893
0.824765 0.654519
0.824936 0.665
0.817916 0.663788
0.810991 0.664487
0.803504 0.666693
0.794742 0.669869
0.798722 0.676551
0.792609 0.684108
0.789966 0.69404
0.782046 0.695378
0.773461 0.693333
0.766499 0.693333
0.759259 0.689444
0.750325 0.689166
0.742915 0.689615
0.736167 0.686538
0.72927 0.689615
0.720903 0.694206
0.725425 0.701508
0.732146 0.700455
0.738526 0.698636
0.746854 0.698636
0.753711 0.701667
0.759422 0.699444
0.76455 0.706667
0.771467 0.70646
0.777825 0.703436
0.787063 0.703477
0.782338 0.711004
0.776746 0.717622
0.770983 0.717293
0.764755 0.719315
0.769382 0.726685
0.761763 0.730123
0.755469 0.73149
0.749867 0.728333
0.747144 0.73556
0.740325 0.730328
0.733557 0.727619
0.727733 0.721856
0.735448 0.718403
0.743328 0.721475
0.751893 0.717716
0.758493 0.71492
0.747726 0.709444
0.741893 0.710454
0.736517 0.708333
0.729005 0.711703
0.722209 0.713965
0.717576 0.706359
0.711357 0.699722
0.713694 0.692361
0.706057 0.688579
0.703836 0.678363
0.711276 0.679102
0.716764 0.683333
0.723197 0.682619
0.730769 0.677051
0.736753 0.671667
0.741553 0.677222
0.74812 0.676667
0.755198 0.681667
0.762449 0.681364
0.769786 0.679667
0.776449 0.683485
0.783308 0.684731
0.787761 0.676291
0.77859 0.673889
0.783626 0.665952
0.790873 0.661904
0.799174 0.658167
0.793597 0.649615
0.78655 0.645
0.785088 0.654167
0.777583 0.653
0.775903 0.643461
0.768031 0.645
0.761386 0.646212
0.754904 0.641376
0.742861 0.636934
0.736387 0.633444
0.728766 0.639286
0.721832 0.635667
0.715725 0.631222
0.712326 0.621667
0.704742 0.626158
0.697594 0.630056
0.691423 0.628
0.684907 0.628333
0.680089 0.620403
0.677294 0.631806
0.677388 0.643333
0.670904 0.640754
0.665829 0.646818
0.659717 0.647717
0.655358 0.639637
0.648635 0.636944
0.642 0.636538
0.635902 0.640924
0.636546 0.626656
0.64215 0.620897
0.647616 0.625909
0.654547 0.627788
0.656097 0.6168
0.648705 0.613333
0.654646 0.605833
0.660804 0.600034
0.654746 0.593718
0.648531 0.590149
0.661372 0.586701
0.665476 0.579005
0.654296 0.581327
0.653593 0.569957
0.65731 0.565
0.661643 0.569102
0.66776 0.566515
0.669614 0.555808
0.661616 0.553788
0.654961 0.554426
0.652209 0.546111
0.64614 0.5447
0.639658 0.540661
0.632362 0.542586
0.628063 0.550487
0.622098 0.55197
0.621908 0.562784
0.615172 0.5675
0.607962 0.570384
0.60136 0.577795
0.596196 0.573734
0.594506 0.58239
0.589276 0.576841
0.583412 0.580723
0.575374 0.582717
0.580276 0.590151
0.575678 0.599306
0.582226 0.600151
0.587777 0.594006
0.594475 0.592554
0.602896 0.590476
0.607212 0.582333
0.613769 0.57803
0.62187 0.576129
0.618908 0.585
0.626967 0.590288
0.62037 0.594167
0.612311 0.590385
0.608744 0.600238
0.616829 0.603667
0.626566 0.603095
0.633307 0.5988
0.639725 0.596012
0.647098 0.600385
0.641946 0.606515
0.637264 0.611667
0.631446 0.614953
0.623626 0.612288
0.617105 0.615536
0.611288 0.612879
0.602664 0.609167
0.599865 0.60141
0.592086 0.604488
0.583872 0.610003
0.575344 0.61315
0.579568 0.62106
0.58619 0.620131
0.5922 0.615268
0.596566 0.623205
0.601719 0.620454
0.606346 0.617222
0.611466 0.624819
0.609848 0.634484
0.603151 0.632778
0.593352 0.633812
0.588833 0.628713
0.583716 0.634537
0.57781 0.633889
0.573519 0.627086
0.572049 0.640959
0.579843 0.646035
0.587888 0.643806
0.593142 0.646695
0.598665 0.640384
0.605959 0.645952
0.613827 0.646822
0.608837 0.655278
0.598765 0.653444
0.590748 0.657502
0.58418 0.654081
0.573897 0.652879
0.568544 0.653895
0.568623 0.664491
0.577654 0.660106
0.581788 0.66718
0.587542 0.667121
0.594324 0.669078
0.600915 0.663718
0.608187 0.665
0.615659 0.661389
0.620596 0.655944
0.627554 0.656907
0.634798 0.651421
0.643275 0.648333
0.65026 0.649444
0.654646 0.65537
0.658603 0.663485
0.651338 0.663788
0.64386 0.659222
0.635477 0.662619
0.640768 0.670476
0.649123 0.671667
0.656595 0.674167
0.664492 0.672949
0.67079 0.666282
0.664717 0.659286
0.672289 0.653718
0.678807 0.657184
0.685941 0.655359
0.686154 0.664993
0.692862 0.662612
0.69835 0.662781
0.703969 0.659848
0.709327 0.652949
0.701866 0.648566
0.695864 0.651065
0.690196 0.648389
0.683536 0.643205
0.691112 0.638397
0.70003 0.638618
0.707537 0.637222
0.713172 0.644047
0.720143 0.648333
0.715957 0.659762
0.724321 0.656025
0.731579 0.649444
0.737817 0.649359
0.743665 0.65
0.749346 0.646565
0.75575 0.651667
0.758959 0.660128
0.767178 0.656042
0.775603 0.662949
0.769756 0.667564
0.762378 0.670333
0.754011 0.669872
0.750262 0.659615
0.744222 0.663809
0.736842 0.661667
0.729462 0.663333
0.724334 0.670555
0.717874 0.670385
0.709227 0.667444
0.699901 0.67194
0.686193 0.675531
0.678651 0.66967
0.673359 0.678555
0.680834 0.683893
0.677517 0.693758
0.671735 0.693838
0.667791 0.685513
0.661144 0.683333
0.652946 0.684487
0.646553 0.679848
0.640838 0.683889
0.634953 0.678846
0.629212 0.67
0.622507 0.669872
0.615789 0.673666
0.608262 0.675513
0.600615 0.676282
0.595279 0.68396
0.589491 0.679545
0.584018 0.679565
0.577624 0.677737
0.573188 0.671061
0.565887 0.675333
0.561026 0.669547
0.555331 0.676282
0.547983 0.672692
0.551842 0.662939
0.542135 0.666282
0.534488 0.664743
0.539886 0.655513
0.547108 0.655
0.55171 0.64671
0.555376 0.635939
0.547683 0.637308
0.541715 0.643667
0.534786 0.644849
0.530723 0.653531
0.525991 0.661389
0.519808 0.657977
0.512995 0.661389
0.505117 0.664248
0.498051 0.659583
0.490513 0.653
0.483496 0.655444
0.477217 0.662292
0.470598 0.662778
0.463863 0.66782
0.458414 0.6625
0.449515 0.666197
0.455915 0.672949
0.451193 0.680583
0.460596 0.681905
0.468811 0.674524
0.476747 0.676428
0.484162 0.67125
0.489928 0.664722
0.493595 0.675428
0.500035 0.673461
0.506148 0.676795
0.512386 0.672888
0.518978 0.669426
0.525041 0.673461
0.531012 0.673788
0.538986 0.676389
0.545322 0.682778
0.551935 0.687619
0.559679 0.685256
0.566472 0.685667
0.57177 0.684091
0.57705 0.688343
0.583289 0.691061
0.589284 0.692593
0.593955 0.69668
0.599388 0.694362
0.605972 0.695303
0.604554 0.685303
0.611288 0.687121
0.616797 0.687778
0.622098 0.683788
0.627592 0.681667
0.630959 0.689545
0.636452 0.696026
0.642123 0.697121
0.646908 0.692576
0.653021 0.696667
0.659694 0.693461
0.665697 0.700012
0.671822 0.70539
0.665063 0.713066
0.659196 0.705293
0.654005 0.711139
0.648538 0.705
0.6423 0.71
0.636452 0.71
0.629855 0.712949
0.623457 0.706111
0.62963 0.7
0.621757 0.696282
0.613548 0.700417
0.606013 0.707051
0.600002 0.704291
0.595894 0.711038
0.590577 0.70659
0.584209 0.702673
0.577391 0.698655
0.569201 0.698333
0.563353 0.694333
0.557226 0.699048
0.55117 0.703889
0.547138 0.695606
0.543535 0.704722
0.537427 0.704667
0.532164 0.709
0.541236 0.715256
0.544834 0.723148
0.549483 0.716282
0.55614 0.711667
0.563353 0.707381
0.57279 0.706841
0.580093 0.710314
0.578649 0.718608
0.58648 0.717081
0.592754 0.722331
0.600704 0.718074
0.60771 0.717781
0.61423 0.713
0.621035 0.714394
0.612824 0.724668
0.619726 0.725861
0.625997 0.723182
0.633801 0.721977
0.641115 0.723079
0.647677 0.717285
0.654465 0.72278
0.659825 0.720657
0.652024 0.73103
0.646687 0.730574
0.642657 0.738312
0.636946 0.732797
0.63062 0.732432
0.634128 0.743006
0.625252 0.744345
0.625152 0.735391
0.618158 0.737083
0.611318 0.732049
0.605457 0.730422
0.600245 0.728205
0.595679 0.735
0.59909 0.743333
0.605277 0.743285
0.610847 0.744011
0.615411 0.748174
0.611856 0.760669
0.613232 0.773079
0.607212 0.776026
0.613956 0.786369
0.609405 0.796042
0.61713 0.798696
0.616615 0.809375
0.610211 0.816026
0.618648 0.821135
0.612372 0.828731
0.604538 0.825807
0.600984 0.814226
0.606858 0.808333
0.602114 0.800385
0.594275 0.804237
0.587758 0.803024
0.58818 0.790657
0.596266 0.792949
0.603314 0.787821
0.601365 0.776667
0.594542 0.78
0.586156 0.77872
0.583272 0.765699
0.589669 0.766667
0.595517 0.766667
0.601852 0.764722
0.604567 0.755952
0.595906 0.752778
0.589425 0.751458
0.582497 0.754185
0.577677 0.744695
0.583333 0.740278
0.589846 0.737121
0.586124 0.728939
0.579093 0.729003
0.573313 0.731294
0.568255 0.725078
0.571247 0.716765
0.563193 0.718626
0.556136 0.721676
0.5533 0.73008
0.561412 0.73011
0.566982 0.736689
0.558288 0.739643
0.549645 0.73917
0.5455 0.732002
0.539459 0.734429
0.530273 0.728399
0.536529 0.725093
0.531891 0.71804
0.524044 0.719094
0.524323 0.709026
0.51701 0.710362
0.510992 0.700582
0.515894 0.695404
0.520703 0.700188
0.524908 0.693148
0.528655 0.700667
0.534275 0.695278
0.540936 0.691667
0.535442 0.684394
0.52924 0.685667
0.521892 0.683718
0.515766 0.6838
0.509268 0.687082
0.50065 0.685833
0.503326 0.695692
0.497603 0.704258
0.492593 0.703333
0.491484 0.714372
0.486524 0.721986
0.480507 0.721667
0.479626 0.731777
0.473098 0.736793
0.466486 0.739665
0.460049 0.743844
0.454373 0.749675
0.449701 0.75527
0.44269 0.756333
0.434964 0.751364
0.428925 0.754487
0.424127 0.761154
0.41742 0.761364
0.410331 0.756667
0.416888 0.75197
0.422612 0.747333
0.425497 0.740502
0.430065 0.738554
0.43441 0.740413
0.439964 0.740966
0.446401 0.744032
0.447863 0.731775
0.453973 0.737113
0.460161 0.73117
0.465123 0.726303
0.47011 0.726852
0.474876 0.722778
0.471453 0.715442
0.465662 0.713205
0.456583 0.711667
0.45871 0.719848
0.452177 0.722778
0.445119 0.718333
0.436272 0.718333
0.441707 0.728368
0.435666 0.728344
0.429807 0.726782
0.423676 0.73005
0.419845 0.722819
0.412338 0.731184
0.417432 0.739048
0.410526 0.745667
0.406787 0.739848
0.399835 0.740385
0.391395 0.743333
0.38529 0.745
0.380117 0.75
0.375066 0.753788
0.369396 0.753182
0.362498 0.757308
0.35666 0.763
0.367092 0.764394
0.374464 0.766333
0.380952 0.764524
0.387389 0.760897
0.392138 0.755278
0.398473 0.750556
0.404034 0.755769
0.397104 0.763809
0.405783 0.7675
0.412581 0.769872
0.419753 0.771944
0.430054 0.770294
0.435673 0.762222
0.441381 0.769762
0.4489 0.766428
0.456768 0.763462
0.452562 0.776255
0.44609 0.781021
0.438352 0.778882
0.432016 0.783596
0.425939 0.781727
0.419688 0.781333
0.41468 0.785769
0.420814 0.792899
0.412401 0.798333
0.407319 0.791667
0.40234 0.797501
0.39182 0.795224
0.383503 0.799286
0.376256 0.806018
0.370037 0.810579
0.364063 0.807819
0.358355 0.803791
0.352943 0.798962
0.347787 0.792558
0.343836 0.781214
0.350652 0.782949
0.35705 0.789167
0.367269 0.786212
0.36306 0.793889
0.369573 0.797121
0.375801 0.793333
0.384433 0.787143
0.391813 0.785
0.399192 0.786667
0.407964 0.780714
0.401335 0.775256
0.393484 0.774048
0.38616 0.773667
0.378623 0.781
0.372041 0.778571
0.365497 0.773182
0.361244 0.77803
0.35614 0.776667
0.350652 0.770385
0.342127 0.768389
0.346979 0.76
0.352452 0.753205
0.342295 0.751242
0.349303 0.743205
0.35835 0.745889
0.366309 0.744167
0.373016 0.739286
0.379305 0.737222
0.383431 0.73
0.388889 0.73
0.394574 0.731111
0.398852 0.72537
0.403704 0.730667
0.405656 0.720955
0.414886 0.713422
0.420078 0.708611
0.426204 0.715238
0.431356 0.707619
0.437622 0.708333
0.444179 0.708636
0.450292 0.705
0.456406 0.701364
0.463413 0.702949
0.47063 0.696333
0.47362 0.705801
0.47977 0.71096
0.485649 0.706526
0.480884 0.696687
0.488702 0.695681
0.494617 0.690059
0.486355 0.683333
0.478 0.687143
0.469786 0.685
0.462813 0.69141
0.454266 0.691154
0.447273 0.691641
0.443101 0.697432
0.436679 0.696224
0.429825 0.696667
0.423698 0.698571
0.416829 0.696555
0.410455 0.704589
0.406167 0.695411
0.400727 0.683378
0.407212 0.683667
0.414787 0.685714
0.421277 0.682436
0.427838 0.686527
0.427567 0.672518
0.42147 0.670476
0.41528 0.667308
0.411501 0.674667
0.405547 0.671061
0.401116 0.664091
0.396654 0.670052
0.385425 0.669023
0.380617 0.67608
0.376585 0.683234
0.370439 0.685717
0.362386 0.689681
0.355193 0.686666
0.34851 0.682857
0.342105 0.683333
0.3357 0.683809
0.329959 0.678846
0.323587 0.683333
0.315564 0.687051
0.320308 0.694394
0.32768 0.693667
0.335477 0.696333
0.34308 0.696667
0.350202 0.696538
0.356758 0.700805
0.364591 0.701148
0.370766 0.694395
0.378034 0.699975
0.372388 0.706272
0.380117 0.709
0.386133 0.702889
0.394035 0.703837
0.402114 0.710576
0.396863 0.715909
0.390838 0.716667
0.38538 0.716667
0.379922 0.719
0.375843 0.725256
0.368908 0.728333
0.363938 0.735
0.357877 0.733788
0.351202 0.733333
0.343526 0.736589
0.336462 0.721807
0.342131 0.721042
0.34748 0.723124
0.354505 0.722841
0.362573 0.722619
0.370745 0.716538
0.364204 0.711287
0.357012 0.712405
0.350215 0.710014
0.344237 0.709696
0.337645 0.709653
0.332141 0.71642
0.325345 0.716347
0.329361 0.705637
0.322416 0.706364
0.317009 0.707922
0.313636 0.699776
0.307776 0.693875
0.302263 0.684937
0.310104 0.681667
0.305068 0.674487
0.31746 0.675476
0.325211 0.670833
0.334958 0.669889
0.342105 0.67
0.34851 0.67
0.355263 0.673889
0.361598 0.676667
0.367269 0.676212
0.37296 0.673374
0.377987 0.666667
0.388431 0.659814
0.380416 0.658058
0.372819 0.659455
0.366277 0.663667
0.359092 0.663333
0.352548 0.658571
0.359487 0.650555
0.366472 0.65
0.374269 0.647381
0.38214 0.648393
0.389698 0.650339
0.397052 0.64875
0.401484 0.655
0.409357 0.659286
0.417679 0.656282
0.424276 0.656538
0.430594 0.661825
0.433273 0.652949
0.439604 0.655843
0.445274 0.655497
0.452567 0.655833
0.458764 0.649872
0.465469 0.653333
0.472953 0.649375
0.465562 0.641389
0.469244 0.63537
0.475309 0.635278
0.479727 0.643667
0.48538 0.638889
0.491228 0.640555
0.497494 0.646667
0.504348 0.645769
0.507868 0.654513
0.511926 0.646322
0.517349 0.649
0.523539 0.647254
0.517109 0.637303
0.522778 0.631253
0.536626 0.630597
0.543335 0.629102
0.551432 0.626282
0.557811 0.621437
0.561005 0.607824
0.554581 0.609
0.549483 0.613461
0.543635 0.617564
0.536737 0.616538
0.53046 0.620776
0.524937 0.615596
0.5185 0.62191
0.512446 0.619102
0.505709 0.623095
0.510721 0.633333
0.503149 0.634231
0.497076 0.631042
0.489604 0.628055
0.482735 0.625952
0.476908 0.622949
0.470203 0.622857
0.464168 0.626353
0.459766 0.635529
0.454422 0.638886
0.450487 0.646333
0.446185 0.640748
0.440313 0.643879
0.434367 0.639281
0.427575 0.645769
0.418837 0.645303
0.412103 0.647121
0.406823 0.646667
0.402984 0.63782
0.397436 0.632436
0.392117 0.641299
0.389219 0.635068
0.382664 0.638684
0.377193 0.635667
0.371168 0.636212
0.365674 0.637121
0.358899 0.637051
0.354126 0.645
0.347396 0.643333
0.339831 0.648611
0.346304 0.656282
0.339106 0.658846
0.332521 0.655556
0.327485 0.660556
0.319493 0.663
0.311891 0.665952
0.304678 0.665333
0.298583 0.663919
0.294542 0.657333
0.288779 0.653019
0.297271 0.64803
0.302571 0.653795
0.310359 0.654762
0.316207 0.649524
0.322435 0.650454
0.32781 0.647593
0.32741 0.63782
0.334308 0.640641
0.34051 0.637727
0.345254 0.630385
0.352452 0.63141
0.362573 0.627667
0.37037 0.623333
0.37775 0.622857
0.383218 0.627121
0.389598 0.625303
0.397927 0.62197
0.405057 0.621274
0.409217 0.631905
0.415367 0.635833
0.422204 0.636212
0.427969 0.633562
0.42199 0.621737
0.416017 0.623889
0.41242 0.615714
0.419369 0.605017
0.411749 0.604091
0.405263 0.607
0.397927 0.611364
0.391901 0.616212
0.384503 0.613889
0.378965 0.609545
0.373294 0.61
0.36788 0.610556
0.362798 0.617051
0.356168 0.620714
0.348928 0.619286
0.340286 0.619222
0.33642 0.627222
0.32963 0.626333
0.321475 0.628055
0.31941 0.637381
0.312248 0.636627
0.306632 0.644155
0.298977 0.63875
0.293244 0.639605
0.287224 0.639872
0.282164 0.646389
0.274399 0.641889
0.266862 0.643
0.259868 0.641042
0.254971 0.647333
0.248711 0.642949
0.252132 0.633368
0.250369 0.623004
0.259259 0.626666
0.266862 0.630333
0.273729 0.626026
0.278664 0.634394
0.28293 0.627619
0.290253 0.627
0.290253 0.627
0.298062 0.627101
0.303704 0.634
0.307234 0.627222
0.31175 0.623725
0.316014 0.617484
0.3231 0.616737
0.330026 0.614122
0.332572 0.605911
0.341585 0.608778
0.350877 0.607381
0.358 0.606795
0.364434 0.602879
0.37037 0.598333
0.378433 0.598636
0.384813 0.599545
0.390026 0.605833
0.397856 0.600333
0.405533 0.594487
0.41358 0.594167
0.419725 0.589829
0.422984 0.579217
0.415762 0.575238
0.407632 0.575256
0.411144 0.584167
0.402534 0.584487
0.396426 0.584778
0.391588 0.593718
0.386383 0.586905
0.379142 0.586026
0.372904 0.580555
0.37271 0.591
0.365143 0.588636
0.359949 0.593461
0.352242 0.595222
0.344184 0.599667
0.334015 0.59541
0.341845 0.588778
0.335097 0.58289
0.330883 0.574835
0.344954 0.579102
0.351852 0.584166
0.358449 0.579615
0.364747 0.576538
0.370601 0.569605
0.378888 0.568965
0.38424 0.576282
0.392056 0.574583
0.386186 0.563639
0.3921 0.559106
0.397125 0.56413
0.402401 0.569658
0.412605 0.564722
0.420255 0.566212
0.426499 0.567517
0.432237 0.560686
0.440512 0.552863
0.434473 0.549102
0.425276 0.553889
0.417154 0.553333
0.410509 0.555909
0.404783 0.555769
0.399674 0.55096
0.393008 0.545831
0.387284 0.550116
0.381057 0.552143
0.375892 0.558614
0.368864 0.558939
0.362798 0.563205
0.35695 0.567051
0.350652 0.570128
0.342662 0.57
0.337675 0.565303
0.332196 0.564167
0.327207 0.560476
0.320034 0.565144
0.316277 0.557222
0.310316 0.56
0.301949 0.560333
0.309054 0.569851
0.301359 0.573161
0.303606 0.582222
0.311686 0.58016
0.317622 0.5766
0.317043 0.588638
0.307688 0.588701
0.298501 0.590055
0.297371 0.603358
0.304263 0.59751
0.310947 0.596675
0.316225 0.601086
0.311079 0.609444
0.304439 0.60867
0.303787 0.618635
0.296465 0.616393
0.291335 0.612902
0.284594 0.61514
0.277328 0.616282
0.278698 0.605081
0.270677 0.608809
0.267335 0.617857
0.259546 0.613235
0.251987 0.610385
0.244778 0.613839
0.239136 0.606476
0.232083 0.605823
0.224523 0.610989
0.224172 0.601667
0.216212 0.596389
0.215396 0.605623
0.21402 0.616579
0.219443 0.618197
0.215349 0.629539
0.212388 0.63868
0.217281 0.644955
0.211668 0.649121
0.208641 0.657835
0.216149 0.660385
0.222336 0.655349
0.222222 0.666111
0.22811 0.668379
0.234189 0.664723
0.241051 0.664514
0.244536 0.655731
0.251267 0.657
0.259194 0.657222
0.266259 0.656212
0.271753 0.653788
0.277615 0.655555
0.282282 0.660073
0.286008 0.666111
0.291033 0.666667
0.296292 0.674504
0.285586 0.677227
0.278718 0.672201
0.271447 0.666883
0.263778 0.666515
0.254386 0.67
0.247758 0.670333
0.260071 0.674444
0.265286 0.679765
0.272714 0.679688
0.279634 0.685954
0.273888 0.692877
0.267654 0.688342
0.267706 0.699424
0.261756 0.705386
0.256078 0.708106
0.250892 0.713977
0.244958 0.710949
0.238064 0.709743
0.231806 0.704167
0.223374 0.705606
0.225604 0.714316
0.233116 0.717657
0.240832 0.721345
0.229876 0.726398
0.223436 0.727746
0.217533 0.732523
0.210368 0.735217
0.203557 0.734963
0.196558 0.739105
0.190054 0.739533
0.18417 0.740275
0.177936 0.742496
0.172362 0.739017
0.166807 0.742149
0.160315 0.740823
0.155427 0.736079
0.148478 0.736367
0.152047 0.727667
0.145614 0.722667
0.14244 0.729996
0.137575 0.721951
0.130382 0.715868
0.123357 0.710246
0.116559 0.712715
0.10974 0.71008
0.116909 0.702778
0.110586 0.697051
0.103766 0.699983
0.0834835 0.697283
0.0763483 0.699
0.0697206 0.701889
0.0737956 0.712143
0.0826991 0.709804
0.0788223 0.720479
0.0708759 0.722068
0.0646159 0.716119
0.0617682 0.705776
0.0618195 0.694855
0.066279 0.687854
0.0723366 0.685104
0.0791807 0.687228
0.102902 0.686971
0.112136 0.686723
0.118532 0.687646
0.119724 0.695349
0.125081 0.698333
0.129275 0.704394
0.134747 0.705833
0.138077 0.712407
0.144093 0.709057
0.147875 0.714274
0.152598 0.716159
0.157286 0.720138
0.163465 0.718667
0.162313 0.729625
0.168228 0.730039
0.172163 0.722369
0.178363 0.721034
0.177648 0.731371
0.184211 0.726824
0.191038 0.726832
0.198424 0.726809
0.210612 0.724593
0.218316 0.721737
0.215984 0.714333
0.209197 0.712273
0.20416 0.718926
0.198156 0.713205
0.191299 0.715303
0.185575 0.709333
0.182749 0.715417
0.175214 0.710384
0.167966 0.711944
0.159844 0.708333
0.152464 0.703333
0.146199 0.696667
0.139833 0.699828
0.132679 0.694208
0.125298 0.687963
0.128681 0.682319
0.135672 0.685667
0.141775 0.687051
0.149123 0.685667
0.153996 0.690555
0.158869 0.698333
0.164895 0.699545
0.171122 0.7
0.179922 0.701
0.186438 0.694762
0.190945 0.704394
0.194707 0.697308
0.201235 0.701889
0.20809 0.7025
0.216374 0.705
0.214425 0.695
0.221805 0.692857
0.227995 0.695
0.234243 0.69
0.24179 0.689615
0.239116 0.698611
0.247833 0.700504
0.253672 0.695914
0.260998 0.693773
0.255482 0.68375
0.247735 0.684019
0.239571 0.677
0.231969 0.68
0.223426 0.680686
0.217172 0.673788
0.210591 0.672111
0.203856 0.665488
0.198209 0.673736
0.204678 0.680714
0.21371 0.684333
0.205931 0.691428
0.197299 0.686666
0.190228 0.682818
0.181532 0.686976
0.174618 0.690004
0.167176 0.687212
0.161023 0.686969
0.156301 0.679092
0.150081 0.672664
0.143984 0.676818
0.137959 0.674091
0.130929 0.673333
0.124167 0.671029
0.118351 0.677619
0.108583 0.678923
0.101805 0.673553
0.107316 0.666009
0.113073 0.669993
0.11908 0.663007
0.113877 0.656285
0.106704 0.653504
0.101326 0.660074
0.0920978 0.65923
0.0802272 0.654213
0.085316 0.645654
0.09237 0.642081
0.100427 0.645905
0.110331 0.646667
0.117441 0.642918
0.122228 0.65049
0.127802 0.659167
0.135283 0.665333
0.144285 0.663981
0.137604 0.657424
0.141241 0.650753
0.132943 0.650667
0.128933 0.642381
0.137102 0.639876
0.133753 0.629705
0.124691 0.633889
0.117757 0.630454
0.112777 0.632547
0.108837 0.638704
0.104942 0.632222
0.0974808 0.632551
0.0887292 0.629371
0.0805366 0.631652
0.0735069 0.642256
0.0662891 0.634736
0.0723243 0.625659
0.0614946 0.621491
0.0664029 0.613853
0.0741298 0.612548
0.0805762 0.615923
0.0885209 0.616884
0.0976766 0.62027
0.10434 0.621628
0.110705 0.622528
0.116959 0.616667
0.122946 0.621428
0.130117 0.620555
0.135461 0.616209
0.133851 0.60521
0.126771 0.608778
0.118908 0.605714
0.110767 0.611399
0.10379 0.609987
0.095528 0.608287
0.0877332 0.604032
0.0786447 0.60146
0.0692223 0.601263
End
