513 300
0.792398 0.453333
0.790448 0.453333
0.787524 0.455
0.787524 0.451667
0.7846 0.453333
0.782651 0.451667
0.782651 0.448333
0.7846 0.446667
0.78655 0.446667
0.788499 0.446667
0.790448 0.446667
0.792398 0.446667
0.794347 0.45
0.797271 0.451667
0.798794 0.447636
0.796296 0.446677
0.794347 0.443333
0.796958 0.441667
0.795322 0.438333
0.799278 0.437057
0.797269 0.435
0.797271 0.431667
0.797271 0.428333
0.800195 0.429997
0.802613 0.429351
0.803526 0.425
0.79922 0.425
0.796296 0.423333
0.798246 0.42
0.800195 0.42
0.802144 0.42
0.804093 0.419997
0.806568 0.419398
0.807012 0.415
0.809942 0.412816
0.807018 0.411667
0.804094 0.413333
0.802144 0.413333
0.803121 0.408333
0.806043 0.406667
0.808965 0.408333
0.808965 0.405
0.812282 0.406074
0.811891 0.401667
0.814682 0.400232
0.81286 0.398333
0.811891 0.395
0.814793 0.395
0.81384 0.391667
0.816364 0.391679
0.815053 0.387703
0.811245 0.387711
0.81092 0.391667
0.809942 0.395
0.807017 0.393333
0.807992 0.395
0.807021 0.398333
0.809942 0.4
0.807018 0.401667
0.803601 0.400703
0.804094 0.405
0.801549 0.405
0.799739 0.408333
0.799327 0.411667
0.799222 0.415
0.795843 0.417293
0.793871 0.421667
0.794347 0.42667
0.792398 0.426865
0.790448 0.430351
0.793372 0.431667
0.793372 0.435
0.789305 0.434387
0.785534 0.435
0.789474 0.438333
0.792398 0.44
0.789474 0.441667
0.78655 0.44
0.783626 0.438333
0.7846 0.441667
0.782651 0.443333
0.779727 0.441667
0.779727 0.438333
0.776803 0.44
0.774854 0.438333
0.772904 0.436667
0.775828 0.435
0.778752 0.433337
0.781675 0.435
0.781413 0.431667
0.777206 0.429704
0.774854 0.43001
0.772904 0.43
0.76998 0.428333
0.773598 0.425
0.769762 0.424288
0.767057 0.425
0.76593 0.421211
0.763158 0.423347
0.760424 0.421076
0.760248 0.425
0.754486 0.425648
0.759259 0.429619
0.762187 0.428333
0.765107 0.426667
0.767057 0.428333
0.768031 0.431667
0.770955 0.433333
0.768031 0.435
0.765107 0.435
0.765107 0.431667
0.762193 0.431667
0.762477 0.435
0.764538 0.438333
0.768033 0.438333
0.768297 0.441667
0.770955 0.44
0.773879 0.441667
0.772071 0.445
0.774468 0.446978
0.776803 0.446667
0.778752 0.446667
0.780702 0.446667
0.777939 0.451667
0.779763 0.453272
0.780702 0.456663
0.782651 0.456667
0.785575 0.458333
0.789474 0.458333
0.793372 0.458333
0.796296 0.46
0.798246 0.46
0.800195 0.46
0.80117 0.463333
0.802144 0.465
0.805068 0.465
0.807992 0.466667
0.806043 0.468333
0.804094 0.468333
0.80117 0.468333
0.797271 0.468333
0.797271 0.465
0.794347 0.463333
0.791423 0.461667
0.787524 0.461667
0.7846 0.46333
0.781676 0.465
0.781676 0.461667
0.778752 0.460041
0.776803 0.463807
0.778752 0.46667
0.775995 0.468333
0.775834 0.471667
0.77583 0.475
0.772905 0.473851
0.773885 0.478333
0.771754 0.480997
0.771934 0.485
0.769799 0.487637
0.769988 0.491667
0.769006 0.495
0.767056 0.493849
0.766539 0.498333
0.769006 0.500003
0.766283 0.501667
0.766104 0.505
0.767057 0.508333
0.765107 0.510007
0.763158 0.510342
0.76415 0.515
0.764143 0.518333
0.760666 0.522675
0.763158 0.523326
0.761386 0.529561
0.76374 0.53268
0.765512 0.526075
0.765107 0.521667
0.76748 0.519461
0.768003 0.515
0.768025 0.511667
0.770956 0.509535
0.769006 0.506663
0.77169 0.505
0.770955 0.501667
0.773886 0.50048
0.771926 0.498333
0.770955 0.495
0.773867 0.495
0.775892 0.492252
0.772904 0.49
0.775823 0.488333
0.778753 0.4862
0.775828 0.485
0.775828 0.481667
0.779557 0.481667
0.777776 0.478333
0.781853 0.477012
0.779725 0.475
0.778752 0.471667
0.780702 0.47
0.782651 0.469997
0.7846 0.469716
0.787304 0.465738
0.791425 0.465
0.791778 0.469015
0.794347 0.469843
0.796296 0.473012
0.798246 0.473327
0.800195 0.473333
0.803119 0.471667
0.802144 0.475
0.799543 0.478333
0.802144 0.479512
0.805257 0.482268
0.808967 0.481667
0.809123 0.485
0.811891 0.483327
0.81349 0.486358
0.816493 0.48577
0.816737 0.481667
0.81384 0.48
0.815789 0.478333
0.817768 0.476874
0.814815 0.475
0.810916 0.475
0.810916 0.478333
0.807018 0.478333
0.804094 0.476667
0.807018 0.475
0.807018 0.471667
0.809942 0.47
0.812865 0.471667
0.816152 0.470791
0.812858 0.468333
0.812531 0.465
0.81051 0.464028
0.808949 0.461667
0.805068 0.461667
0.806679 0.457534
0.803119 0.458333
0.803231 0.454582
0.801021 0.451667
0.79922 0.455
0.795322 0.455
End
