513 300
0.145138 0.583513
0.150747 0.580555
0.148008 0.574515
0.151632 0.570597
0.156085 0.572619
0.160819 0.573333
0.166667 0.573333
0.171735 0.574333
0.175439 0.575
0.179337 0.575
0.183431 0.572333
0.18681 0.57
0.190448 0.573667
0.194624 0.570133
0.189747 0.563608
0.183971 0.558965
0.178752 0.561667
0.181287 0.566667
0.17422 0.565417
0.169591 0.565
0.165887 0.565667
0.160429 0.567
0.155294 0.562442
0.159907 0.5587
0.163548 0.561
0.165372 0.554955
0.1696 0.555207
0.173485 0.555207
0.177811 0.555415
0.164184 0.417067
0.171032 0.416897
0.174014 0.409103
0.181192 0.408543
0.187407 0.398304
0.17892 0.396667
0.172515 0.396667
0.166217 0.392949
0.15692 0.396667
0.165107 0.403889
0.15873 0.41119
0.15276 0.410155
0.148407 0.399928
0.14508 0.387252
0.151852 0.386333
0.159909 0.384556
0.166179 0.380278
0.172665 0.382692
0.178662 0.383205
0.185185 0.387381
0.19128 0.383097
0.183845 0.372917
0.177388 0.367708
0.170008 0.37
0.161568 0.370385
0.153801 0.373667
0.14634 0.373127
0.149843 0.360099
0.15757 0.361944
0.166367 0.360128
0.174046 0.356429
0.181704 0.352381
0.187134 0.359074
0.191642 0.368958
0.220441 0.367751
0.222165 0.359984
0.195384 0.349643
0.189693 0.344375
0.200723 0.339162
0.207725 0.335404
0.21416 0.323505
0.207602 0.323333
0.200975 0.323
0.193741 0.330185
0.1859 0.333444
0.179395 0.341667
0.171401 0.345
0.16488 0.349722
0.157895 0.35
0.150097 0.347381
0.143442 0.342645
0.137857 0.332594
0.146264 0.331889
0.152047 0.325952
0.159844 0.323333
0.155544 0.336961
0.164144 0.336961
0.167416 0.326282
0.173489 0.333333
0.178622 0.325222
0.185185 0.321667
0.193307 0.316111
0.18466 0.310897
0.177453 0.309889
0.17284 0.318333
0.166927 0.313
0.160123 0.308571
0.153631 0.312292
0.146199 0.315952
0.140439 0.322879
0.133805 0.318329
0.138819 0.31
0.133162 0.301605
0.140351 0.297381
0.146724 0.304744
0.150622 0.296282
0.157477 0.296667
0.165692 0.3
0.174098 0.3
0.182749 0.29625
0.189223 0.303095
0.198246 0.304333
0.203254 0.310897
0.209552 0.31
0.2154 0.31
0.220707 0.310142
0.220689 0.299228
0.224475 0.291919
0.215984 0.292
0.211201 0.298333
0.203854 0.296026
0.194347 0.294333
0.190058 0.285
0.183236 0.285
0.175439 0.288333
0.16792 0.289286
0.160123 0.285952
0.152047 0.285
0.144704 0.287222
0.136245 0.286423
0.142713 0.274753
0.150097 0.275
0.158869 0.275
0.167641 0.278333
0.175593 0.275351
0.183777 0.273333
0.193307 0.273333
0.197679 0.280455
0.201577 0.285606
0.208352 0.286282
0.217349 0.282949
0.226285 0.280289
0.219475 0.274091
0.209917 0.275208
0.201105 0.270111
0.191708 0.264231
0.184669 0.259902
0.175114 0.260556
0.168129 0.267083
0.159844 0.264048
0.150648 0.264275
0.155707 0.252904
0.165061 0.254412
0.162375 0.24255
0.168522 0.235403
0.173595 0.225666
0.181237 0.22449
0.189279 0.227
0.196806 0.230385
0.205166 0.233125
0.212336 0.228333
0.20621 0.22
0.198635 0.220333
0.18779 0.215051
0.197237 0.21025
0.206671 0.205061
0.212151 0.210333
0.218021 0.202263
0.223587 0.211
0.21707 0.218571
0.227863 0.219731
0.221665 0.227143
0.228828 0.232778
0.216449 0.237821
0.223754 0.24
0.228872 0.24878
0.222222 0.254048
0.216149 0.249103
0.208577 0.245
0.200585 0.243667
0.192788 0.240333
0.185586 0.240686
0.177388 0.238333
0.172393 0.24875
0.181008 0.250952
0.192861 0.252917
0.200585 0.256333
0.206303 0.262778
0.210792 0.256515
0.214982 0.264762
0.222547 0.266111
0.228246 0.264043
0.244203 0.263271
0.250083 0.255569
0.255891 0.260019
0.259959 0.268604
0.251218 0.2725
0.243852 0.27729
0.250332 0.286341
0.25757 0.281403
0.321846 0.283676
0.328116 0.289118
0.336257 0.286176
0.331579 0.276333
0.342564 0.278529
0.351722 0.279222
0.350942 0.269667
0.34974 0.261389
0.340156 0.267083
0.333108 0.262949
0.326789 0.267381
0.320523 0.270714
0.318843 0.259889
0.314486 0.252277
0.325761 0.253718
0.331609 0.249103
0.337675 0.254394
0.344217 0.254444
0.350245 0.251959
0.362368 0.246233
0.358781 0.239041
0.34905 0.240417
0.340156 0.244487
0.341042 0.235
0.335058 0.232436
0.329878 0.238636
0.323169 0.242381
0.316017 0.240912
0.320125 0.23002
0.32756 0.227821
0.334178 0.220778
0.324742 0.217491
0.331822 0.207488
0.339181 0.212292
0.345254 0.209102
0.353172 0.205901
0.359001 0.214111
0.350422 0.218333
0.344399 0.225784
0.353105 0.230952
0.359092 0.22619
0.365498 0.225
0.369152 0.235
0.374335 0.241684
0.378169 0.255742
0.370492 0.251875
0.364759 0.258058
0.36903 0.267083
0.373457 0.272778
0.379125 0.271615
0.370382 0.284017
0.376563 0.288096
0.373419 0.301545
0.357143 0.31
0.34752 0.306667
0.355629 0.29875
0.355451 0.286987
0.346491 0.292167
0.339636 0.299
0.333138 0.301889
0.325135 0.302059
0.325483 0.317326
0.331319 0.314778
0.339059 0.313542
0.345029 0.32
0.352548 0.319048
0.359149 0.323902
0.356991 0.334374
0.348928 0.330714
0.341325 0.333667
0.335569 0.327549
0.327884 0.330409
0.325049 0.341667
0.321666 0.359227
0.32746 0.353282
0.333487 0.344649
0.340936 0.34625
0.348993 0.342526
0.422049 0.380119
0.421341 0.393001
0.427729 0.397873
0.434416 0.38941
0.428688 0.385278
0.430227 0.375256
0.449486 0.350068
0.45723 0.356237
0.465521 0.350613
0.45809 0.344048
0.451417 0.339615
0.444282 0.335833
0.436038 0.334375
0.426546 0.332867
0.431384 0.324333
0.44175 0.323039
0.449457 0.327619
0.45809 0.33
0.464355 0.336667
0.471333 0.33727
0.466082 0.323667
0.472822 0.322767
0.469638 0.310252
0.461257 0.314583
0.45447 0.319048
0.449875 0.311905
0.44317 0.309872
0.436369 0.314286
0.430994 0.308333
0.423977 0.317157
0.418583 0.326592
0.411794 0.316278
0.414839 0.308125
0.42161 0.305
0.427063 0.298611
0.434419 0.295238
0.440471 0.299615
0.448343 0.299286
0.457115 0.302778
0.466608 0.299142
0.463413 0.289615
0.45614 0.29
0.447818 0.288846
0.446069 0.28
0.43884 0.285
0.431774 0.281944
0.426635 0.288636
0.419168 0.292778
0.411069 0.296688
0.41501 0.283
0.423587 0.278556
0.415384 0.271387
0.423002 0.267381
0.432207 0.27
0.440424 0.270833
0.448432 0.269545
0.454386 0.277
0.461988 0.278333
0.469386 0.280664
0.469777 0.268324
0.462183 0.267
0.454191 0.263333
0.445809 0.259444
0.439701 0.254333
0.433723 0.256667
0.427615 0.256778
0.417843 0.260014
0.421787 0.249907
0.432943 0.243667
0.426176 0.23834
0.433591 0.230969
0.440783 0.226326
0.448873 0.223039
0.457114 0.221896
0.463731 0.227556
0.468081 0.241675
0.460178 0.239048
0.453966 0.233718
0.446619 0.233718
0.440128 0.24
0.446812 0.246667
0.453582 0.247708
0.458902 0.255556
0.463938 0.25
0.469417 0.257448
0.510404 0.262493
0.513835 0.271646
0.518443 0.281449
0.526511 0.286333
0.521307 0.293711
0.52989 0.299222
0.524599 0.306542
0.533138 0.31119
0.527868 0.320671
0.534308 0.323667
0.531673 0.337404
0.537486 0.335758
0.541553 0.322543
0.544663 0.309644
0.537872 0.303571
0.546524 0.298111
0.554545 0.302892
0.557343 0.291883
0.55052 0.289444
0.539886 0.292692
0.533869 0.285833
0.541113 0.280455
0.546459 0.280278
0.554197 0.278145
0.550682 0.267083
0.543229 0.265196
0.536062 0.271667
0.528544 0.274048
0.520468 0.27
0.52605 0.263485
0.531939 0.259615
0.538836 0.256026
0.548717 0.253745
0.54105 0.244216
0.532651 0.247083
0.524591 0.250385
0.519493 0.258056
0.513017 0.253357
0.517844 0.245256
0.519235 0.234749
0.527151 0.238571
0.5346 0.233125
0.525464 0.226193
0.533464 0.219838
0.540105 0.214312
0.546487 0.209936
0.552804 0.210356
0.559702 0.21459
0.566492 0.225241
0.559942 0.225833
0.553082 0.224231
0.547271 0.2225
0.541715 0.228556
0.547864 0.23751
0.55783 0.235278
0.563492 0.241429
0.570142 0.236695
0.573099 0.249403
0.566877 0.252436
0.57147 0.264286
0.61602 0.257779
0.621415 0.251905
0.620706 0.241418
0.626837 0.241235
0.633591 0.240894
0.638647 0.230423
0.644479 0.236765
0.650933 0.244762
0.656695 0.239615
0.661793 0.229444
0.652697 0.228778
0.646314 0.222518
0.655038 0.216589
0.662773 0.216662
0.670214 0.218605
0.67076 0.231222
0.677504 0.229054
0.680372 0.242119
0.67271 0.243667
0.665242 0.24141
0.661933 0.250238
0.656465 0.256556
0.648798 0.257444
0.643275 0.249286
0.63694 0.251944
0.630604 0.256176
0.624269 0.26375
0.616271 0.270098
0.624756 0.276667
0.615907 0.281646
0.619961 0.28942
0.627924 0.288333
0.635673 0.286333
0.6423 0.286667
0.648148 0.29
0.654553 0.29881
0.64787 0.305238
0.639051 0.306667
0.641975 0.298056
0.632554 0.297857
0.623758 0.300783
0.63097 0.309375
0.62115 0.314578
0.62768 0.320714
0.619372 0.328124
0.626566 0.332857
0.622959 0.342543
0.630878 0.348551
0.633603 0.338846
0.640162 0.343229
0.647367 0.334493
0.64335 0.328333
0.634893 0.327444
0.637202 0.317564
0.645029 0.317
0.652317 0.315947
0.657895 0.30946
0.664886 0.308728
0.664705 0.29772
0.660666 0.287285
0.653996 0.286667
0.648148 0.278333
0.640026 0.275278
0.632554 0.271316
0.640091 0.263222
0.647173 0.268333
0.654135 0.27119
0.659974 0.272111
0.669591 0.271651
0.664578 0.262381
0.67076 0.256333
0.677225 0.255556
0.683373 0.253833
0.681836 0.264982
0.675139 0.271667
0.680823 0.276982
0.6761 0.285288
0.731446 0.288724
0.740462 0.292143
0.74871 0.286765
0.757171 0.292381
0.752702 0.299545
0.746589 0.300714
0.737492 0.302593
0.729694 0.302222
0.732114 0.314001
0.739209 0.316667
0.736417 0.327087
0.740818 0.332607
0.746514 0.32218
0.753265 0.317157
0.746589 0.31119
0.757711 0.307137
0.764992 0.297518
0.774649 0.302809
0.781302 0.294744
0.773804 0.291154
0.766797 0.285667
0.759399 0.282143
0.754107 0.274286
0.746073 0.275
0.738467 0.280778
0.734057 0.272381
0.741415 0.266538
0.739112 0.257753
0.746356 0.253563
0.751577 0.262255
0.761209 0.27
0.766907 0.263718
0.760373 0.256905
0.754905 0.249453
0.762258 0.246282
0.768531 0.24215
0.763831 0.233727
0.772493 0.22857
0.778507 0.218583
0.785783 0.212143
0.794153 0.210164
0.804568 0.209086
0.800919 0.220414
0.808723 0.223125
0.813732 0.216656
0.817718 0.230378
0.818866 0.242968
0.810224 0.237081
0.803363 0.236458
0.796686 0.229222
0.790448 0.223667
0.784256 0.228333
0.781611 0.238111
0.775828 0.242292
0.770692 0.25485
0.77795 0.256176
0.78499 0.256111
0.787979 0.245222
0.794469 0.240208
0.795397 0.25218
0.802924 0.249667
0.81065 0.24803
0.816689 0.254487
0.808959 0.258324
0.800891 0.262619
0.792918 0.262333
0.789998 0.27141
0.783208 0.269524
0.776246 0.269524
0.77012 0.275
0.777499 0.282143
0.78475 0.283974
0.790578 0.284556
0.797206 0.279444
0.802469 0.273333
0.808734 0.269113
0.814708 0.27378
0.816998 0.264652
0.832243 0.269197
0.832398 0.282587
0.811337 0.283968
0.805783 0.284778
0.802145 0.294985
0.795847 0.292949
0.793425 0.302789
0.785417 0.303099
0.782639 0.329612
0.77592 0.336121
0.789294 0.339375
0.782094 0.343333
0.775464 0.351027
0.782167 0.357294
0.789227 0.353538
0.827025 0.622818
0.82223 0.621329
0.817848 0.623089
0.818131 0.629665
0.822804 0.631002
0.826511 0.631667
0.830077 0.632812
0.844757 0.646216
0.847784 0.642467
0.85085 0.636786
0.853383 0.641667
0.857765 0.637393
0.863893 0.642871
0.860299 0.645
0.866717 0.651403
0.862183 0.653667
0.863548 0.66
0.867575 0.662492
0.862086 0.664167
0.857895 0.665667
0.859454 0.671667
0.864518 0.669996
0.863867 0.676265
0.858893 0.678066
0.855188 0.680366
0.853151 0.673889
0.849213 0.677277
0.843946 0.668758
0.847953 0.668333
0.852827 0.666667
0.85032 0.660238
0.855556 0.659
0.858675 0.656667
0.856725 0.649286
0.851267 0.648333
0.850487 0.653667
0.845865 0.655952
0.842199 0.656777
0.826359 0.641033
0.822041 0.643642
0.817433 0.640982
0.820078 0.636333
0.814583 0.633144
0.756873 0.627783
0.751999 0.632048
0.747165 0.627412
0.744923 0.617176
0.747901 0.619442
0.752854 0.621667
0.757362 0.617438
0.753608 0.610969
0.749865 0.612381
0.7374 0.605796
0.733089 0.607414
0.729602 0.610257
0.725783 0.607045
0.720322 0.604723
0.725146 0.6
0.729741 0.600238
0.733918 0.596667
0.738791 0.6
0.742904 0.601068
0.747496 0.594918
0.744444 0.591
0.739766 0.593333
0.741325 0.586333
0.735867 0.587381
0.730263 0.587917
0.724172 0.587778
0.726121 0.593333
0.721443 0.597667
0.716519 0.595877
0.718354 0.588379
0.721248 0.583333
0.71858 0.578216
0.723522 0.574444
0.725146 0.58
0.729045 0.578333
0.732749 0.579
0.736842 0.578333
0.740546 0.579
0.743665 0.573333
0.745614 0.578889
0.747888 0.584444
0.751386 0.585094
0.750795 0.576096
0.752628 0.570993
0.748213 0.566667
0.751513 0.560691
0.745614 0.556667
0.748826 0.55024
0.744055 0.550333
0.739441 0.547778
0.743639 0.542885
0.739172 0.53911
0.733965 0.536895
0.734475 0.544524
0.73002 0.545952
0.727046 0.540856
0.72292 0.548703
0.727792 0.552619
0.733593 0.553889
0.737492 0.555556
0.740416 0.559444
0.744639 0.565
0.739522 0.567917
0.733918 0.570714
0.72807 0.569286
0.733918 0.563333
0.729695 0.560556
0.725341 0.561
0.721718 0.557919
0.722618 0.566337
0.719251 0.569437
0.647978 0.566706
0.6423 0.566667
0.64191 0.560333
0.646159 0.558379
0.640775 0.553167
0.634906 0.553719
0.636452 0.56
0.628967 0.561102
0.631774 0.562333
0.636452 0.566667
0.631579 0.57
0.627605 0.572325
0.631108 0.578311
0.636062 0.573
0.638726 0.577778
0.642625 0.573889
0.647936 0.57403
0.645419 0.581425
0.641301 0.584868
0.636787 0.586076
0.63292 0.584213
0.623701 0.623397
0.629332 0.628213
0.625402 0.635548
0.62986 0.637939
0.626182 0.644524
0.621745 0.643244
0.618777 0.637742
0.62282 0.630008
0.618127 0.62819
0.546067 0.569785
0.543934 0.564103
0.544429 0.554614
0.544667 0.546016
0.54196 0.537782
0.540065 0.550283
0.539961 0.561667
0.538441 0.569047
0.541261 0.574444
0.544026 0.578911
0.537817 0.579
0.541172 0.585405
0.535768 0.586824
0.538606 0.592186
0.534517 0.598137
0.528519 0.636588
0.4433 0.669783
0.444436 0.676665
0.440351 0.677667
0.442877 0.683571
0.437435 0.685309
0.436452 0.677667
0.432941 0.678052
0.435036 0.669879
0.43921 0.667316
0.436239 0.628143
0.44055 0.628318
0.445419 0.63
0.450662 0.630181
0.453932 0.626511
0.458429 0.621566
0.453216 0.62
0.448343 0.621667
0.444444 0.621667
0.440546 0.618333
0.436647 0.618333
0.431317 0.623644
0.431223 0.616902
0.426798 0.612379
0.431384 0.610333
0.437297 0.609444
0.440871 0.605555
0.444027 0.611667
0.448343 0.611667
0.452242 0.611667
0.45614 0.611667
0.461596 0.615412
0.460039 0.61
0.464399 0.607291
0.460039 0.601667
0.464585 0.599247
0.46608 0.592347
0.460735 0.590238
0.464497 0.586348
0.463942 0.579803
0.461014 0.575833
0.46054 0.569164
0.45568 0.565607
0.451672 0.563403
0.447773 0.560827
0.444007 0.564216
0.439583 0.566122
0.434416 0.56991
0.439571 0.574048
0.444444 0.575
0.448204 0.572619
0.451267 0.576333
0.455166 0.574048
0.457765 0.581111
0.45614 0.588333
0.452242 0.585
0.448343 0.585
0.443191 0.582619
0.438402 0.582333
0.434698 0.578333
0.430491 0.579031
0.429045 0.587667
0.43348 0.587917
0.436322 0.592778
0.440546 0.591667
0.445094 0.591111
0.451917 0.593889
0.45679 0.597222
0.454191 0.603889
0.449318 0.598333
0.446719 0.602778
0.44217 0.598889
0.435672 0.6
0.432943 0.605667
0.425725 0.603397
0.430382 0.598333
0.4266 0.593504
0.323279 0.576849
0.326308 0.582688
0.323262 0.59
0.326948 0.592035
0.324802 0.600345
0.32153 0.604376
0.242313 0.627042
0.237817 0.628333
0.233918 0.626667
0.231969 0.621667
0.236879 0.619058
0.230659 0.616589
0.226343 0.621915
0.222924 0.62891
0.228395 0.63
0.232294 0.632222
0.235218 0.637778
0.239961 0.635667
0.243515 0.638104
0.238402 0.643
0.240515 0.647995
0.234503 0.647
0.234793 0.653183
0.229499 0.652305
0.224004 0.647231
0.227875 0.645667
0.230669 0.641111
0.225926 0.635667
0.222653 0.638788
0.207826 0.630542
0.203704 0.633333
0.197466 0.633
0.192982 0.631667
0.189502 0.635476
0.184454 0.635417
0.178363 0.636667
0.171958 0.638333
0.166667 0.640714
0.161598 0.639
0.15809 0.642333
0.162768 0.646667
0.168616 0.649
0.17154 0.646667
0.176413 0.644048
0.182261 0.644048
0.186485 0.646111
0.190708 0.643889
0.194932 0.641667
0.199415 0.638333
0.20078 0.643333
0.205549 0.640672
0.20301 0.649725
0.198635 0.649
0.194737 0.651
0.19782 0.65664
0.195205 0.662182
0.190964 0.668216
0.185946 0.673134
0.180292 0.676634
0.175429 0.67754
0.171219 0.677875
0.169591 0.673333
0.164545 0.675974
0.164717 0.67
0.159034 0.669066
0.154654 0.664308
0.157245 0.658889
0.162524 0.662083
0.168616 0.664048
0.17284 0.668889
0.178363 0.669286
0.182586 0.667222
0.17617 0.66125
0.182261 0.66
0.187135 0.661667
0.191228 0.659
0.189734 0.652222
0.184211 0.653333
0.179337 0.651667
0.174789 0.652222
0.170844 0.657381
0.165692 0.655
0.16054 0.652619
0.15575 0.649
0.153021 0.652333
0.151109 0.658289
0.147867 0.653116
0.14601 0.644965
0.150515 0.645
0.153021 0.64
0.15653 0.636333
0.151397 0.632222
0.148148 0.636667
0.143693 0.637241
0.142304 0.62999
0.14693 0.627917
0.141703 0.621965
0.147173 0.62
0.152697 0.624444
0.154646 0.619444
0.159844 0.616667
0.163548 0.619
0.168291 0.617778
0.174464 0.615952
0.170565 0.610714
0.164717 0.610714
0.160039 0.609
0.154727 0.612083
0.150097 0.611667
0.145468 0.612083
0.139872 0.615001
0.141058 0.608518
0.143032 0.603231
0.142355 0.595172
0.147173 0.596667
0.149401 0.602619
0.153996 0.603333
0.1577 0.604333
0.162768 0.601
0.165887 0.602333
0.170008 0.602143
0.174139 0.598889
0.172125 0.593
0.178038 0.592222
0.180637 0.597778
0.1846 0.600333
0.18616 0.605556
0.181481 0.607667
0.176413 0.605
0.178687 0.612222
0.181774 0.618333
0.179662 0.622778
0.175439 0.625
0.171122 0.625
0.165887 0.625667
0.160494 0.624444
0.15692 0.629286
0.163093 0.632222
0.168291 0.632222
0.174464 0.6325
0.180312 0.63
0.185185 0.625
0.189084 0.625
0.192982 0.623333
0.198246 0.620333
0.197856 0.626667
0.202729 0.625
0.20758 0.62333
0.203704 0.616667
0.208763 0.615683
0.20725 0.608021
0.202924 0.607667
0.199527 0.610238
0.195349 0.615
0.190448 0.617
0.185603 0.615
0.189669 0.610333
0.191228 0.604333
0.195257 0.605555
0.196881 0.6
0.200975 0.599
0.206022 0.600361
0.205009 0.59505
0.20309 0.589089
0.19883 0.593333
0.193713 0.594583
0.189084 0.595
0.1846 0.593
0.18616 0.586667
0.191033 0.586667
0.194737 0.585667
0.19883 0.586667
0.200871 0.581344
0.196784 0.578013
0.190058 0.58
0.184211 0.58
0.181092 0.585667
0.177193 0.584333
0.173072 0.585
0.168616 0.58
0.162211 0.579762
0.154321 0.583333
0.157895 0.585
0.162768 0.586667
0.168338 0.588809
0.165107 0.593
0.160262 0.595
0.155621 0.596111
0.152464 0.591667
0.147452 0.589286
End
