702 300
0.0632663 0.280487
0.0636895 0.293827
0.0687596 0.297821
0.072792 0.291444
0.0779705 0.297549
0.0850427 0.298111
0.0898453 0.293571
0.09283 0.300556
0.0970085 0.307444
0.0922365 0.313958
0.0870726 0.310833
0.081529 0.309
0.0776353 0.314722
0.0733618 0.306667
0.0653055 0.305812
0.0682841 0.315223
0.0726021 0.321222
0.0674778 0.330396
0.0746767 0.333718
0.0702538 0.337727
0.0797721 0.344583
0.0747863 0.347444
0.066338 0.346004
0.0705128 0.351667
0.0711558 0.360735
0.0774589 0.360671
0.082818 0.356094
0.0876962 0.348933
0.094297 0.346896
0.101769 0.341641
0.0962488 0.336333
0.0887148 0.336667
0.0825321 0.335417
0.0783476 0.325952
0.0847578 0.323333
0.0919641 0.325784
0.0982016 0.324167
0.103378 0.329048
0.108397 0.332737
0.10718 0.319784
0.101472 0.313889
0.10698 0.307
0.1024 0.300385
0.0981262 0.293718
0.106838 0.292619
0.102137 0.285667
0.0948389 0.285513
0.090675 0.279872
0.0980532 0.275889
0.104759 0.274975
0.116496 0.275173
0.122153 0.279911
0.119153 0.290071
0.119175 0.302672
0.147516 0.297636
0.155093 0.29875
0.160147 0.296795
0.163494 0.290758
0.167598 0.298077
0.173789 0.305
0.168674 0.309545
0.163996 0.308333
0.158262 0.310333
0.152244 0.309792
0.146618 0.311244
0.150227 0.322481
0.156933 0.321944
0.163022 0.320882
0.154018 0.330325
0.159704 0.333625
0.16453 0.333333
0.168803 0.333333
0.173097 0.343272
0.178266 0.342619
0.184188 0.346333
0.189067 0.343216
0.182806 0.356156
0.176554 0.353538
0.158825 0.374509
0.154039 0.383134
0.159708 0.384487
0.164147 0.383867
0.161056 0.396228
0.155205 0.396003
0.0795361 0.573821
0.0750464 0.57456
0.0728061 0.581708
0.0776353 0.580714
0.0829081 0.578373
0.0804843 0.585
0.085189 0.586056
0.0826211 0.591667
0.0779202 0.590333
0.0750237 0.587778
0.0710033 0.590086
0.0728044 0.595896
0.0764482 0.597778
0.0797721 0.596667
0.0836721 0.599446
0.0736201 0.604295
0.0776353 0.604994
0.0806403 0.60598
0.163557 0.670282
0.165954 0.675952
0.162535 0.678049
0.165057 0.68425
0.168064 0.684579
0.170932 0.681637
0.169938 0.676337
0.169938 0.669172
0.166519 0.667372
0.174482 0.629249
0.178525 0.627016
0.176163 0.621111
0.179487 0.62
0.182489 0.62048
0.183048 0.612619
0.178775 0.613333
0.174094 0.615
0.170635 0.615
0.167379 0.610714
0.164767 0.615556
0.167616 0.621111
0.171937 0.623
0.170798 0.629
0.168238 0.628986
0.165155 0.627136
0.162426 0.626578
0.161489 0.620673
0.15825 0.615796
0.161444 0.612222
0.157561 0.604967
0.160826 0.604333
0.163675 0.605667
0.165385 0.601
0.167949 0.602333
0.169088 0.596333
0.173433 0.600833
0.171178 0.606111
0.175356 0.607667
0.178063 0.605
0.181339 0.606333
0.185359 0.606416
0.186283 0.598275
0.181624 0.6
0.17735 0.596667
0.180484 0.593
0.184066 0.591667
0.186467 0.586631
0.181387 0.584444
0.178775 0.586667
0.175926 0.589286
0.17267 0.592143
0.169088 0.590333
0.165242 0.591667
0.161681 0.596667
0.157937 0.595303
0.161396 0.590333
0.158889 0.585697
0.163343 0.584444
0.161035 0.578628
0.163896 0.575123
0.166809 0.572333
0.164979 0.567191
0.168867 0.563416
0.172068 0.56105
0.175376 0.561638
0.178718 0.563401
0.182702 0.569163
0.17963 0.571
0.175926 0.570714
0.172507 0.569
0.169516 0.57
0.172792 0.576333
0.169088 0.577
0.167379 0.584048
0.171652 0.583333
0.175071 0.581
0.178368 0.578333
0.182479 0.577667
0.185165 0.578428
0.240352 0.566366
0.240486 0.57382
0.244047 0.578821
0.237916 0.583413
0.240266 0.585
0.245792 0.588117
0.24264 0.589444
0.239418 0.594048
0.236842 0.598485
0.243285 0.598333
0.246436 0.598326
0.240028 0.603333
0.235992 0.608724
0.240028 0.61
0.243447 0.607667
0.246549 0.607476
0.244587 0.613667
0.240028 0.616667
0.236467 0.618333
0.233897 0.619023
0.234331 0.625833
0.23661 0.629
0.232789 0.631369
0.231349 0.63833
0.235457 0.636223
0.239849 0.630207
0.240028 0.623333
0.243822 0.620923
0.254893 0.62615
0.25847 0.623743
0.261908 0.628619
0.257407 0.630333
0.252869 0.632657
0.251033 0.64122
0.254274 0.64
0.257407 0.636333
0.260541 0.635667
0.264065 0.635959
0.264344 0.642877
0.260256 0.643
0.256173 0.645556
0.25314 0.650209
0.256987 0.655221
0.260864 0.654208
0.258903 0.648333
0.26297 0.648698
0.30624 0.653788
0.309599 0.65054
0.305823 0.645446
0.30934 0.64357
0.361638 0.654655
0.364403 0.659112
0.367971 0.663425
0.372185 0.662792
0.375301 0.654984
0.371795 0.655
0.368946 0.655
0.366239 0.654333
0.363248 0.649444
0.360407 0.642563
0.36396 0.643333
0.367521 0.645
0.37037 0.645
0.373694 0.647778
0.37707 0.64455
0.374634 0.640008
0.371795 0.636667
0.375223 0.632886
0.371907 0.628178
0.369088 0.634333
0.367165 0.635833
0.364435 0.636111
0.362723 0.631128
0.367452 0.625802
0.371148 0.583506
0.374152 0.577677
0.373151 0.571225
0.376691 0.570568
0.375316 0.562362
0.379024 0.562191
0.377084 0.556348
0.379888 0.551605
0.376703 0.548904
0.378991 0.543194
0.37853 0.535487
0.455346 0.589633
0.450092 0.618276
0.451761 0.647479
0.458873 0.659083
0.462251 0.663333
0.458529 0.668662
0.46226 0.669989
0.461071 0.67711
0.464598 0.678248
0.467483 0.674761
0.465668 0.667669
0.469315 0.66765
0.468974 0.65961
0.466401 0.657829
0.461874 0.655659
0.464684 0.652736
0.520396 0.61022
0.523683 0.608688
0.517636 0.60554
0.521842 0.602222
0.519321 0.597498
0.522934 0.594333
0.520311 0.588484
0.522559 0.583894
0.524217 0.578333
0.521573 0.57568
0.523323 0.567877
0.525783 0.572333
0.528917 0.573667
0.530864 0.568889
0.532906 0.564333
0.528592 0.563095
0.525336 0.561667
0.524654 0.553687
0.527778 0.550714
0.526605 0.541943
0.52955 0.539036
0.531413 0.545046
0.534467 0.548363
0.530805 0.555417
0.534188 0.556667
0.537138 0.555427
0.53604 0.563
0.538542 0.567541
0.5349 0.571667
0.536325 0.576667
0.538121 0.580221
0.534046 0.582333
0.531482 0.579
0.527956 0.58125
0.525641 0.586667
0.528917 0.590333
0.532051 0.588333
0.536101 0.589594
0.53369 0.596986
0.531197 0.599
0.52849 0.596667
0.525641 0.595
0.526116 0.603889
0.528945 0.605341
0.53518 0.612824
0.539768 0.61022
0.538321 0.615677
0.542064 0.618038
0.539171 0.62333
0.535619 0.621659
0.532991 0.6227
0.535881 0.63042
0.539084 0.632261
0.542133 0.627624
0.584537 0.630396
0.586029 0.624192
0.589041 0.620086
0.592664 0.622439
0.589744 0.627222
0.59495 0.629545
0.593419 0.635593
0.589034 0.633333
0.584866 0.6373
0.587821 0.641988
0.591628 0.641926
0.605581 0.645766
0.608405 0.647667
0.610969 0.649
0.614435 0.648889
0.612963 0.643
0.609183 0.63944
0.613249 0.636718
0.617077 0.638779
0.617996 0.645556
0.620719 0.645021
0.621721 0.651233
0.617236 0.653
0.614388 0.657
0.610399 0.656667
0.60583 0.653159
0.604482 0.660463
0.607787 0.662778
0.610636 0.665
0.614672 0.664048
0.61301 0.671111
0.606173 0.670624
0.609008 0.674922
0.611852 0.679257
0.615592 0.678615
0.618335 0.674755
0.621487 0.670229
0.617806 0.667
0.621501 0.663659
0.618708 0.658889
0.62265 0.657668
0.657649 0.670007
0.660494 0.667222
0.663343 0.671111
0.65938 0.679015
0.662159 0.679966
0.664936 0.682919
0.668449 0.678298
0.665954 0.675
0.667866 0.670285
0.668892 0.665541
0.664245 0.663667
0.665955 0.658441
0.661981 0.657338
0.659179 0.660316
0.659797 0.620846
0.663002 0.616546
0.659514 0.612691
0.66339 0.610333
0.666532 0.610868
0.66997 0.603311
0.667949 0.601
0.664815 0.603
0.661444 0.605556
0.660615 0.598345
0.663105 0.596667
0.665954 0.595
0.668566 0.591667
0.672604 0.594435
0.670584 0.588333
0.673074 0.584994
0.667664 0.583667
0.664123 0.588333
0.660988 0.588364
0.661755 0.580008
0.665954 0.578333
0.663818 0.573333
0.660954 0.570872
0.665005 0.567778
0.667582 0.565952
0.662464 0.561667
0.66148 0.553311
0.665776 0.555417
0.67094 0.556111
0.671652 0.549286
0.667786 0.548333
0.663105 0.545952
0.660804 0.539944
0.662801 0.533793
0.662161 0.526908
0.661421 0.518366
0.664733 0.521212
0.667325 0.525128
0.670206 0.528396
0.672157 0.534552
0.667379 0.534048
0.665717 0.541111
0.669991 0.541111
0.673958 0.541107
0.675207 0.546683
0.676307 0.553905
0.674739 0.558889
0.669943 0.561667
0.673314 0.565556
0.676703 0.567338
0.670513 0.570333
0.673647 0.574333
0.670228 0.577381
0.675606 0.579285
0.721867 0.587793
0.7248 0.581918
0.727773 0.58105
0.732722 0.582735
0.730057 0.58403
0.733173 0.590493
0.727493 0.589667
0.724122 0.592222
0.720691 0.595719
0.722105 0.602222
0.725962 0.59875
0.730057 0.595952
0.735137 0.595658
0.73285 0.603032
0.729844 0.605777
0.72462 0.607579
0.727454 0.609399
0.731507 0.653477
0.734797 0.656957
0.731485 0.659996
0.72805 0.660832
0.731481 0.666667
0.729455 0.671913
0.733845 0.67354
0.735553 0.668564
0.736563 0.662484
0.809178 0.646344
0.812271 0.648333
0.81434 0.654444
0.811498 0.658694
0.815812 0.660333
0.819563 0.662222
0.816283 0.666612
0.821734 0.668813
0.827897 0.670015
0.825321 0.664583
0.82906 0.663333
0.832577 0.666609
0.836654 0.661014
0.832621 0.659286
0.829535 0.655556
0.825783 0.657
0.82208 0.657667
0.818139 0.654444
0.824074 0.6525
0.819801 0.648333
0.815934 0.645
0.82151 0.643
0.824481 0.645476
0.828169 0.647917
0.832443 0.647917
0.83547 0.652619
0.839469 0.653602
0.852488 0.660637
0.856024 0.665952
0.853065 0.670917
0.856998 0.674547
0.860886 0.670975
0.86149 0.662399
0.857692 0.661
0.859409 0.654543
0.855441 0.654122
0.841259 0.644355
0.838082 0.646111
0.83547 0.640714
0.831766 0.639
0.828632 0.640333
0.825214 0.637
0.821225 0.636667
0.817155 0.637381
0.812678 0.64
0.809458 0.635067
0.813085 0.631667
0.816951 0.63
0.821225 0.629286
0.824311 0.627222
0.82733 0.631667
0.830342 0.631
0.833639 0.632143
0.836182 0.63
0.838726 0.635
0.842448 0.636597
0.842833 0.630347
0.840029 0.627
0.837179 0.623667
0.842798 0.620941
0.840313 0.617667
0.837607 0.616667
0.833868 0.62125
0.830484 0.621667
0.827635 0.621667
0.824074 0.619286
0.819801 0.620714
0.816239 0.623889
0.810248 0.626042
0.812681 0.620719
0.816239 0.616667
0.813232 0.612696
0.817155 0.610714
0.820513 0.611667
0.823219 0.611
0.826068 0.612333
0.829976 0.612619
0.834046 0.613333
0.840717 0.6089
0.837464 0.609
0.834046 0.606667
0.829772 0.604333
0.827208 0.606333
0.822039 0.603095
0.816736 0.60309
0.820456 0.597126
0.825499 0.6
0.831909 0.6
0.838032 0.601208
0.834919 0.598096
0.832126 0.5932
0.82906 0.595
0.82515 0.59313
0.751548 0.403004
0.746214 0.398978
0.757519 0.39308
0.752137 0.391667
0.745758 0.388348
0.746319 0.377037
0.751994 0.380333
0.758847 0.379561
0.764854 0.376146
0.772115 0.364984
0.766619 0.365444
0.760684 0.365
0.754986 0.369286
0.749781 0.366795
0.745184 0.362943
0.755223 0.357444
0.74981 0.353222
0.743011 0.352647
0.742027 0.340323
0.74766 0.342619
0.754106 0.342647
0.759117 0.348556
0.764026 0.353462
0.769231 0.350926
0.774591 0.349402
0.778818 0.341026
0.808961 0.337899
0.814615 0.343345
0.820414 0.34303
0.827734 0.337502
0.823745 0.333718
0.819801 0.327889
0.815052 0.331389
0.805939 0.327212
0.811432 0.32375
0.817047 0.317
0.82541 0.31875
0.829582 0.325222
0.83415 0.325908
0.83866 0.32554
0.843162 0.323631
0.847111 0.326036
0.851134 0.321247
0.854865 0.312949
0.858562 0.319497
0.877304 0.319453
0.880887 0.315034
0.86586 0.306111
0.860525 0.307157
0.854843 0.299667
0.860399 0.293333
0.865985 0.292018
0.871479 0.291419
0.870065 0.28
0.865181 0.275952
0.874978 0.273782
0.869399 0.267727
0.873423 0.261429
0.877528 0.256546
0.877796 0.242857
0.873219 0.245
0.868946 0.25
0.863553 0.246667
0.858771 0.239762
0.854396 0.23619
0.849934 0.229872
0.855413 0.225
0.862852 0.231481
0.868424 0.236778
0.878152 0.230064
0.873362 0.229667
0.867686 0.223718
0.872178 0.217051
0.876487 0.216368
0.870503 0.206036
0.861868 0.206769
0.866042 0.211667
0.860844 0.219375
0.854975 0.214744
0.848235 0.216363
0.840452 0.220716
0.844682 0.226778
0.837565 0.229902
0.832242 0.231963
0.82811 0.241667
0.832316 0.247857
0.836488 0.242857
0.841548 0.245222
0.844674 0.238333
0.849525 0.243889
0.854879 0.251667
0.860015 0.254231
0.866199 0.259524
0.861659 0.266282
0.857276 0.268077
0.852802 0.263333
0.849478 0.256944
0.845174 0.256667
0.838726 0.256667
0.833191 0.259667
0.827778 0.261222
0.821937 0.26
0.825193 0.250476
0.817725 0.251749
0.813307 0.253689
0.81202 0.266674
0.817521 0.267
0.823417 0.271154
0.830039 0.272708
0.836182 0.27
0.841982 0.266905
0.845174 0.275625
0.850122 0.273333
0.85482 0.278056
0.860399 0.280714
0.854701 0.288333
0.849448 0.287708
0.842503 0.28875
0.839133 0.280238
0.83413 0.284216
0.827839 0.284762
0.823243 0.281944
0.817521 0.279667
0.812364 0.278644
0.810235 0.287157
0.80649 0.299519
0.812271 0.295714
0.817358 0.295238
0.820707 0.291061
0.824786 0.296667
0.831783 0.295784
0.838052 0.297708
0.845537 0.297444
0.85016 0.305625
0.844729 0.31
0.839031 0.31
0.833254 0.311481
0.828169 0.306042
0.821848 0.309375
0.815856 0.306282
0.810779 0.309
0.806125 0.313667
0.779443 0.325001
0.769841 0.326191
0.774662 0.332292
0.768608 0.336875
0.763588 0.341154
0.760826 0.332333
0.756105 0.329524
0.751526 0.32881
0.746235 0.330714
0.740653 0.327846
0.742807 0.315673
0.747863 0.32
0.756003 0.317619
0.763355 0.321875
0.767752 0.315513
0.773267 0.317222
0.776211 0.312333
0.779903 0.308351
0.774545 0.300897
0.770299 0.304167
0.765059 0.304286
0.76015 0.310417
0.751603 0.310625
0.746038 0.305713
0.749615 0.296723
0.755164 0.300208
0.76009 0.297222
0.763697 0.290385
0.768847 0.292949
0.777338 0.292839
0.772868 0.284366
0.766955 0.279815
0.760088 0.282429
0.754802 0.287928
0.705835 0.256718
0.705651 0.244778
0.709096 0.236239
0.703375 0.232765
0.707826 0.223599
0.699858 0.221
0.693732 0.216667
0.688034 0.210714
0.682031 0.213333
0.676876 0.217667
0.672407 0.212255
0.677635 0.203222
0.683825 0.202879
0.680912 0.193333
0.687417 0.195444
0.692308 0.201042
0.699383 0.200778
0.696581 0.208333
0.703437 0.212083
0.708816 0.211677
0.705646 0.199623
0.701971 0.189106
0.697294 0.187686
0.693466 0.184789
0.688967 0.182944
0.683928 0.18306
0.677102 0.185656
0.670351 0.189127
0.673625 0.197051
0.667463 0.199453
0.662373 0.205873
0.666667 0.213333
0.660352 0.217296
0.656386 0.227914
0.662251 0.229667
0.668468 0.223824
0.67998 0.227821
0.684354 0.223611
0.689153 0.223333
0.694141 0.230993
0.690171 0.238333
0.685298 0.238684
0.679681 0.238636
0.674726 0.233772
0.669943 0.235667
0.66529 0.240111
0.659633 0.243125
0.655106 0.239103
0.650074 0.239164
0.64712 0.250852
0.652867 0.250625
0.659099 0.256042
0.665407 0.25218
0.670228 0.25
0.675088 0.251863
0.679792 0.249524
0.685043 0.253
0.694037 0.246667
0.690374 0.255
0.695234 0.262028
0.686711 0.265
0.680864 0.263889
0.676474 0.266795
0.672721 0.273889
0.678205 0.279667
0.684035 0.275
0.691047 0.270897
0.695536 0.278531
0.689316 0.283
0.683998 0.285278
0.692585 0.29132
0.687139 0.297218
0.682557 0.305867
0.677161 0.310111
0.669961 0.310625
0.66415 0.311889
0.668579 0.324825
0.674501 0.321481
0.680946 0.320556
0.677901 0.332953
0.672551 0.337797
0.66719 0.34078
0.662518 0.336552
0.656139 0.338418
0.661849 0.323627
0.655293 0.319801
0.653414 0.310033
0.659544 0.307708
0.655732 0.298976
0.666271 0.298519
0.671782 0.299545
0.676364 0.29859
0.680912 0.293333
0.674027 0.287444
0.668566 0.284444
0.662215 0.291042
0.655779 0.288571
0.64989 0.280622
0.655216 0.27782
0.660366 0.279103
0.663872 0.273974
0.668091 0.27
0.671134 0.261364
0.664292 0.261944
0.657736 0.267051
0.652309 0.264649
0.646952 0.265012
0.596727 0.26739
0.596881 0.280861
0.58332 0.275
0.580332 0.282624
0.577 0.289748
0.570208 0.292857
0.573121 0.299996
0.566217 0.303378
0.559687 0.303667
0.554203 0.302645
0.550773 0.294992
0.55572 0.290385
0.561692 0.29228
0.565691 0.285769
0.571225 0.281429
0.575092 0.275952
0.565731 0.274524
0.568234 0.265667
0.572507 0.260778
0.577368 0.264792
0.583033 0.264768
0.585775 0.257619
0.586917 0.245503
0.581197 0.248333
0.575766 0.248958
0.570818 0.245714
0.566951 0.235952
0.572507 0.233667
0.579198 0.235193
0.587049 0.23534
0.584755 0.22586
0.576211 0.225009
0.567161 0.223431
0.572243 0.217619
0.579578 0.218333
0.582575 0.213813
0.575534 0.208337
0.567143 0.209563
0.560915 0.215553
0.555527 0.221406
0.561254 0.23
0.555352 0.232619
0.549614 0.230667
0.545222 0.240934
0.550546 0.243701
0.557336 0.2425
0.562373 0.243333
0.55603 0.251389
0.566417 0.252708
0.56161 0.258125
0.555081 0.260556
0.549705 0.256354
0.544465 0.256667
0.540195 0.250303
0.533687 0.251921
0.528148 0.262917
0.533985 0.262619
0.539393 0.263205
0.544041 0.268611
0.548765 0.271
0.554076 0.270385
0.560256 0.269222
0.559022 0.280333
0.552469 0.280833
0.546866 0.283667
0.541107 0.277381
0.535167 0.273958
0.528185 0.275238
0.523837 0.279859
0.525528 0.290822
0.530722 0.285667
0.535918 0.286667
0.541365 0.288846
0.545876 0.296631
0.539722 0.299615
0.534024 0.297308
0.527499 0.300546
0.53217 0.306944
0.527715 0.314163
0.537037 0.310714
0.542559 0.308849
0.559576 0.329251
0.564994 0.336151
0.560948 0.343333
0.565633 0.351857
0.560387 0.357362
0.555431 0.350672
0.555576 0.337404
0.537151 0.321079
0.532051 0.321667
0.529136 0.331605
0.486177 0.335827
0.489149 0.344448
0.485261 0.351277
0.482127 0.342251
0.463197 0.337437
0.456406 0.336299
0.451218 0.323457
0.455535 0.322857
0.460114 0.326667
0.466692 0.32972
0.471069 0.31957
0.466305 0.315
0.461742 0.315952
0.454903 0.310614
0.450154 0.301648
0.457539 0.29859
0.462251 0.30375
0.470044 0.305784
0.474953 0.306944
0.478631 0.309272
0.483517 0.304562
0.488586 0.297196
0.493302 0.288758
0.485546 0.285
0.480319 0.292193
0.473963 0.293333
0.466859 0.294216
0.461111 0.289
0.453704 0.29049
0.446697 0.292354
0.444244 0.282488
0.44886 0.278778
0.453156 0.275769
0.45774 0.28
0.464387 0.28
0.470608 0.282556
0.476161 0.279314
0.482194 0.275
0.490741 0.27881
0.49634 0.275154
0.488841 0.269
0.497736 0.263667
0.498914 0.252982
0.49239 0.257281
0.485378 0.260294
0.47887 0.265889
0.47324 0.266667
0.468423 0.2725
0.4593 0.269762
0.46396 0.264556
0.468661 0.259286
0.474217 0.253667
0.480235 0.253125
0.485399 0.246875
0.491311 0.244556
0.496999 0.241156
0.493501 0.231458
0.487358 0.234167
0.480959 0.235667
0.475619 0.229615
0.482787 0.225833
0.491807 0.221436
0.487162 0.217759
0.481943 0.21226
0.47754 0.218556
0.473137 0.212135
0.464907 0.216525
0.470608 0.221889
0.467072 0.229615
0.461206 0.226111
0.456631 0.222139
0.451591 0.231115
0.457391 0.238726
0.463268 0.237857
0.471462 0.237667
0.476801 0.243095
0.468518 0.247
0.463105 0.249667
0.451512 0.242179
0.446978 0.246688
0.453594 0.251154
0.458564 0.25598
0.453201 0.263431
0.447181 0.260263
0.444021 0.269037
0.401721 0.275654
0.401311 0.263715
0.3959 0.259177
0.400981 0.251368
0.397683 0.242711
0.393518 0.248333
0.388533 0.251389
0.383992 0.254487
0.378775 0.256333
0.373267 0.253222
0.378409 0.244762
0.371411 0.242949
0.36669 0.243056
0.362027 0.238571
0.367216 0.23119
0.373423 0.232619
0.378534 0.234231
0.384526 0.239167
0.38972 0.240556
0.392723 0.232336
0.387911 0.224899
0.381922 0.227135
0.375137 0.221937
0.369092 0.219751
0.363414 0.222957
0.358571 0.228579
0.354026 0.237128
0.357777 0.245652
0.361033 0.254415
0.365713 0.253718
0.364919 0.26527
0.369987 0.262179
0.374311 0.268111
0.381821 0.267308
0.38616 0.273047
0.378324 0.273333
0.368493 0.274201
0.370792 0.283686
0.376068 0.283333
0.381602 0.283718
0.389265 0.284028
0.385417 0.2925
0.391178 0.297367
0.392344 0.308733
0.387286 0.311875
0.384737 0.321594
0.379451 0.326297
0.379725 0.314111
0.376044 0.307263
0.383465 0.303205
0.378965 0.296556
0.373454 0.295178
0.336462 0.295268
0.333324 0.30274
0.329796 0.295016
0.333039 0.287446
0.320476 0.274283
0.316147 0.277887
0.311063 0.28386
0.303 0.28394
0.300164 0.295223
0.295889 0.29
0.287607 0.289667
0.282384 0.291889
0.273742 0.293704
0.267971 0.293718
0.263088 0.286667
0.269724 0.283462
0.273267 0.276111
0.27849 0.283824
0.283921 0.275625
0.288869 0.276191
0.293115 0.281444
0.298265 0.274608
0.306802 0.276667
0.312678 0.26875
0.320885 0.264235
0.322136 0.252629
0.316572 0.255222
0.310643 0.257619
0.30603 0.262222
0.301015 0.263333
0.293843 0.264815
0.28821 0.262059
0.283069 0.259048
0.277956 0.250208
0.283937 0.247549
0.290741 0.249667
0.297009 0.253333
0.302172 0.246875
0.307387 0.246667
0.313818 0.245667
0.321753 0.24044
0.318287 0.234375
0.313326 0.229848
0.310158 0.235769
0.304789 0.234487
0.299264 0.234167
0.295913 0.241923
0.290954 0.236875
0.284799 0.237143
0.277778 0.237381
0.27208 0.243333
0.266546 0.246282
0.258927 0.245667
0.262163 0.240128
0.26701 0.232843
0.273742 0.229889
0.269943 0.222143
0.276876 0.218556
0.281339 0.226667
0.288105 0.227222
0.295075 0.225714
0.300953 0.223718
0.306675 0.22381
0.31572 0.222435
0.310521 0.215999
0.304784 0.212325
0.298588 0.213165
0.291968 0.218077
0.285941 0.217564
0.290645 0.208936
0.283744 0.208957
0.277067 0.208328
0.270569 0.210257
0.264602 0.215232
0.261564 0.225
0.256964 0.226681
0.252636 0.234742
0.253835 0.244744
0.24915 0.249224
0.256054 0.256111
0.251972 0.260897
0.247177 0.26506
0.252137 0.271667
0.256838 0.27
0.260379 0.261905
0.264448 0.258571
0.269536 0.256667
0.274406 0.258556
0.280152 0.2675
0.276548 0.270455
0.269395 0.269103
0.265122 0.273205
0.260684 0.276667
0.25641 0.281667
0.247585 0.280733
0.251972 0.284231
0.257123 0.293333
0.250712 0.295952
0.245191 0.296321
0.24105 0.303534
0.247863 0.306667
0.253968 0.305714
0.258766 0.305513
0.263368 0.299615
0.268424 0.305889
0.27782 0.301471
0.285065 0.302949
0.290687 0.3
0.295086 0.304097
0.287955 0.312813
0.281873 0.313125
0.276211 0.313667
0.271367 0.313205
0.265875 0.318316
0.261681 0.313889
0.255817 0.319444
0.251205 0.316538
0.243425 0.313718
0.238082 0.313753
0.236624 0.324699
0.241782 0.326282
0.246822 0.322179
0.250285 0.330556
0.259022 0.327444
0.265833 0.329432
0.264748 0.340704
0.259259 0.338333
0.254164 0.335769
0.252137 0.347381
0.258109 0.348077
0.263127 0.352367
0.272099 0.358309
0.277928 0.357775
0.274767 0.367146
0.257822 0.358315
0.251424 0.358334
0.245396 0.356208
0.239768 0.349835
0.242735 0.345
0.247589 0.344231
0.244065 0.335278
0.237004 0.337302
0.191571 0.329973
0.187103 0.329615
0.182603 0.332292
0.177757 0.329524
0.173206 0.330455
0.169321 0.32197
0.172958 0.316111
0.178063 0.316667
0.183761 0.315741
0.190225 0.317933
0.189024 0.307177
0.185707 0.299889
0.179487 0.303333
0.1744 0.294286
0.170447 0.28859
0.179104 0.28859
0.183596 0.290385
0.187947 0.284604
0.189702 0.272034
0.181624 0.276111
0.175378 0.279615
0.169516 0.279167
0.163675 0.280333
0.158078 0.281471
0.152883 0.287157
0.148676 0.281875
0.150923 0.269784
0.156553 0.269667
0.162251 0.267
0.168036 0.269615
0.174596 0.269
0.181054 0.263667
0.186277 0.263889
0.189815 0.255225
0.185185 0.250556
0.187383 0.240097
0.180717 0.235303
0.184937 0.227554
0.180137 0.222268
0.173663 0.222014
0.175214 0.231667
0.169848 0.233222
0.166047 0.227963
0.159302 0.234385
0.163325 0.240128
0.155741 0.245618
0.160585 0.252436
0.165242 0.249
0.16968 0.245769
0.175214 0.243333
0.180786 0.247353
0.176333 0.256667
0.171771 0.257778
0.166361 0.25881
0.156501 0.258636
0.151628 0.25681
0.121945 0.266404
0.114021 0.263006
0.114672 0.254524
0.121879 0.254217
0.119384 0.242309
0.114672 0.243333
0.109689 0.244087
0.101662 0.243222
0.0923983 0.240152
0.0961538 0.235
0.100071 0.230278
0.106125 0.233824
0.115048 0.230264
0.110478 0.222963
0.103811 0.220833
0.0974946 0.219706
0.107856 0.211424
0.102922 0.206687
0.0970603 0.20803
0.0926474 0.211667
0.0883576 0.206845
0.0837211 0.21923
0.0900107 0.221042
0.0896418 0.232143
0.0840456 0.233333
0.0788009 0.232735
0.0758097 0.24714
0.0801994 0.247333
0.0838513 0.245606
0.0879867 0.248111
0.0918803 0.256569
0.096489 0.250686
0.102726 0.257731
0.0987357 0.264375
0.0926474 0.268846
0.0874033 0.265
0.0826211 0.259286
0.0772792 0.259167
0.0733655 0.261684
0.0687128 0.26066
0.0653413 0.269101
0.0719373 0.274608
0.0788563 0.270952
0.0836621 0.272949
0.0864197 0.282222
0.0819088 0.287444
0.0768756 0.282111
0.0680437 0.282778
End
