702 300
0.27849 0.475
0.276353 0.471667
0.279202 0.471667
0.282051 0.471667
0.284188 0.473103
0.286014 0.471667
0.286283 0.468333
0.283476 0.468333
0.280627 0.468333
0.282051 0.465
0.284188 0.465
0.286325 0.465
0.288872 0.465846
0.290481 0.461667
0.287749 0.461667
0.2849 0.461667
0.286325 0.458333
0.289174 0.458333
0.29195 0.458333
0.293504 0.455463
0.291311 0.455
0.289886 0.455
0.287749 0.455
0.287749 0.451667
0.289886 0.451667
0.292023 0.451667
0.296074 0.452401
0.29416 0.45
0.292735 0.446667
0.29416 0.445
0.295584 0.446667
0.297009 0.448333
0.299041 0.448333
0.300501 0.445
0.297721 0.445
0.298433 0.441667
0.299858 0.441667
0.301282 0.441667
0.30328 0.441667
0.3048 0.438333
0.301994 0.438333
0.299145 0.438333
0.299145 0.435
0.301994 0.435
0.304843 0.435
0.30698 0.436176
0.308964 0.435
0.311819 0.431667
0.309829 0.431667
0.307692 0.431667
0.304843 0.431667
0.304843 0.428333
0.30698 0.428333
0.308405 0.428333
0.309829 0.428333
0.311254 0.428333
0.313551 0.427076
0.311966 0.425
0.311966 0.421667
0.314103 0.419997
0.317969 0.419278
0.314822 0.414339
0.31135 0.411636
0.310541 0.415
0.312678 0.416667
0.310541 0.418333
0.307692 0.418333
0.307734 0.415
0.305081 0.414987
0.303461 0.418333
0.305556 0.42
0.30698 0.421667
0.308405 0.423333
0.309829 0.423333
0.306268 0.425
0.304131 0.423333
0.301925 0.421195
0.299858 0.423643
0.298017 0.424999
0.296395 0.428333
0.299145 0.428333
0.301994 0.425
0.301994 0.428333
0.301994 0.431667
0.299145 0.431667
0.297009 0.433333
0.295584 0.433333
0.29369 0.431666
0.293449 0.435
0.291311 0.43707
0.293447 0.438333
0.296296 0.438333
0.296296 0.441667
0.29416 0.441667
0.292023 0.441667
0.289456 0.44072
0.290598 0.445
0.290598 0.448333
0.288462 0.446667
0.28682 0.446521
0.285026 0.448333
0.2849 0.451667
0.2849 0.455
0.282356 0.454086
0.283476 0.458333
0.280708 0.458333
0.282051 0.461667
0.279294 0.461667
0.279915 0.465
0.277779 0.465
0.277778 0.468333
0.274929 0.468333
0.274927 0.465
0.2734 0.461667
0.270655 0.461667
0.272019 0.458333
0.269231 0.458333
0.266382 0.458333
0.267806 0.455
0.270612 0.455
0.26917 0.451667
0.266382 0.451667
0.267763 0.448333
0.266301 0.445
0.264245 0.445
0.264871 0.441667
0.262108 0.441667
0.263285 0.437514
0.261396 0.436763
0.259259 0.436667
0.260183 0.433206
0.258547 0.430243
0.257123 0.43
0.255698 0.431667
0.254274 0.43
0.256005 0.426375
0.253561 0.425
0.253333 0.420777
0.250053 0.418164
0.249219 0.421603
0.251424 0.423333
0.249675 0.425759
0.252142 0.428333
0.252493 0.432575
0.254987 0.435
0.255357 0.439321
0.257123 0.436667
0.258547 0.438333
0.259259 0.441667
0.257122 0.442748
0.258547 0.446283
0.259971 0.44657
0.261396 0.446667
0.262821 0.446667
0.264957 0.448333
0.263533 0.451667
0.261069 0.452667
0.262821 0.455
0.264957 0.455
0.263813 0.459348
0.26567 0.461667
0.267806 0.461667
0.266275 0.465661
0.268519 0.465
0.269943 0.465
0.27208 0.465
0.27208 0.468333
0.269943 0.468333
0.268519 0.468333
0.267094 0.469693
0.269231 0.471667
0.271368 0.473333
0.272792 0.471667
0.274217 0.473333
0.272792 0.475
0.269943 0.475
0.268519 0.476204
0.270657 0.478333
0.269517 0.481667
0.271368 0.483333
0.273504 0.485
0.269267 0.485
0.269231 0.488333
0.266758 0.487563
0.266418 0.491667
0.266382 0.495
0.264245 0.493916
0.262471 0.497696
0.264957 0.498333
0.264957 0.501667
0.262176 0.501667
0.262108 0.505
0.259971 0.506111
0.262821 0.51
0.261396 0.51
0.258547 0.510142
0.259971 0.513333
0.257921 0.513535
0.256531 0.515
0.255097 0.518333
0.257835 0.518333
0.25641 0.521667
0.253764 0.521667
0.252468 0.525
0.254986 0.525
0.254986 0.528333
0.252209 0.528333
0.250922 0.531666
0.250712 0.535
0.251424 0.538333
0.24948 0.538327
0.249458 0.542848
0.251876 0.546
0.251424 0.541667
0.252849 0.54
0.254643 0.539388
0.253561 0.535
0.253561 0.531667
0.255698 0.53333
0.257123 0.532844
0.258922 0.52909
0.257123 0.526667
0.258547 0.523333
0.260448 0.525
0.261831 0.521667
0.259971 0.52
0.262065 0.518333
0.262108 0.515
0.264585 0.515849
0.264916 0.511667
0.267525 0.509133
0.264957 0.508333
0.264957 0.505
0.267805 0.505
0.269943 0.502862
0.267806 0.501667
0.267806 0.498333
0.269943 0.498333
0.271368 0.499769
0.273519 0.498333
0.275427 0.500245
0.277066 0.5
0.279202 0.498333
0.281339 0.5
0.279202 0.501667
0.27648 0.505
0.279202 0.505
0.282051 0.505
0.282051 0.508333
0.279202 0.508333
0.277066 0.50962
0.279202 0.511667
0.279202 0.515
0.279424 0.518333
0.282051 0.518333
0.280678 0.521667
0.280792 0.525
0.283476 0.528333
0.281339 0.529693
0.283476 0.531667
0.286325 0.531667
0.288462 0.531667
0.287749 0.535
0.2849 0.535
0.282397 0.535
0.283587 0.538333
0.283778 0.541667
0.285613 0.54
0.287037 0.54
0.289174 0.538333
0.292023 0.538333
0.292023 0.541667
0.289174 0.541667
0.289174 0.545
0.292023 0.545
0.292023 0.548333
0.289886 0.55
0.288462 0.55
0.287037 0.546667
0.284902 0.545
0.285087 0.548333
0.285192 0.551667
0.287037 0.553333
0.285612 0.556336
0.287749 0.558333
0.289174 0.561667
0.287037 0.56295
0.288282 0.566865
0.289886 0.565
0.291311 0.565
0.29416 0.566667
0.292735 0.566667
0.289886 0.568333
0.291311 0.57
0.28952 0.572734
0.293447 0.571667
0.293447 0.575
0.291311 0.576551
0.292735 0.578333
0.294872 0.578333
0.292241 0.581675
0.293845 0.58359
0.295583 0.586246
0.297633 0.588765
0.297672 0.585
0.299206 0.582296
0.296296 0.581667
0.297721 0.578333
0.300067 0.576912
0.297721 0.575
0.295584 0.573333
0.297009 0.571667
0.299145 0.571667
0.302179 0.573881
0.301022 0.568333
0.298433 0.568333
0.296296 0.568333
0.296296 0.565
0.298433 0.565
0.299858 0.565
0.301284 0.563612
0.30004 0.559786
0.298433 0.56
0.297009 0.56
0.295584 0.56
0.293447 0.561667
0.293447 0.558333
0.291311 0.56
0.289886 0.558333
0.289174 0.555
0.291311 0.553333
0.292735 0.553333
0.29416 0.553333
0.295584 0.551667
0.296296 0.555
0.299013 0.555001
0.297709 0.551667
0.297507 0.548333
0.296241 0.546797
0.29416 0.546667
0.295584 0.545
0.296117 0.541667
0.29416 0.54
0.295585 0.537134
0.29416 0.533479
0.292735 0.533333
0.290598 0.535
0.290598 0.531667
0.293202 0.528333
0.292736 0.523872
0.291311 0.526667
0.289886 0.526667
0.288462 0.526667
0.287037 0.526667
0.285613 0.526667
0.283476 0.525
0.283476 0.521667
0.286325 0.521667
0.289174 0.521667
0.291311 0.520244
0.289886 0.516667
0.287749 0.515
0.287749 0.518333
0.2849 0.518333
0.2849 0.515
0.282051 0.515
0.282051 0.511667
0.284188 0.511667
0.286325 0.511667
0.289029 0.511667
0.287811 0.507766
0.2849 0.508333
0.2849 0.505
0.287037 0.503662
0.283476 0.501667
0.285613 0.500169
0.283476 0.498333
0.284428 0.493872
0.282764 0.493333
0.280627 0.495
0.27849 0.493333
0.277066 0.493333
0.275641 0.493333
0.274217 0.493333
0.27208 0.495
0.269231 0.495
0.269231 0.491667
0.27208 0.491667
0.27208 0.488333
0.274929 0.488333
0.277778 0.488333
0.279915 0.49
0.281339 0.49
0.282764 0.487392
0.281339 0.483391
0.279915 0.483333
0.27849 0.483333
0.276353 0.485
0.276353 0.481667
0.274217 0.481667
0.272792 0.48
0.274217 0.478333
0.275641 0.476667
0.277066 0.476667
0.279202 0.478333
0.281887 0.478333
0.282764 0.475
0.280627 0.475
End
