702 300
0.565936 0.430643
0.568377 0.428333
0.571225 0.425
0.568348 0.424508
0.569811 0.421667
0.57265 0.421667
0.57265 0.418333
0.570186 0.4173
0.572651 0.415
0.572733 0.411667
0.573032 0.408333
0.5755 0.408333
0.574475 0.404077
0.576211 0.403343
0.57906 0.401667
0.577635 0.401667
0.577091 0.398333
0.57906 0.398333
0.581909 0.39667
0.580484 0.39667
0.578494 0.395
0.579916 0.391667
0.58144 0.387718
0.584196 0.387705
0.582617 0.391667
0.585521 0.391267
0.58403 0.395
0.583867 0.398333
0.582533 0.401667
0.582327 0.405
0.580484 0.40333
0.578348 0.405
0.578348 0.408333
0.581047 0.408333
0.580485 0.412817
0.57906 0.413323
0.576923 0.411667
0.574786 0.413333
0.576923 0.415
0.575499 0.418333
0.578192 0.418333
0.576826 0.421667
0.574786 0.423333
0.573362 0.425
0.576467 0.425945
0.574786 0.429657
0.573362 0.429997
0.571937 0.43
0.570513 0.43
0.568376 0.431667
0.565537 0.435
0.562648 0.435
0.560541 0.43667
0.558405 0.435
0.558405 0.438333
0.555556 0.438333
0.552707 0.438333
0.554131 0.441667
0.55698 0.441667
0.559829 0.441667
0.561966 0.44
0.564103 0.438333
0.566239 0.438333
0.567664 0.436667
0.569088 0.436667
0.570513 0.436667
0.572561 0.435
0.572177 0.439279
0.568376 0.441667
0.57072 0.443571
0.568376 0.445
0.565527 0.445
0.565527 0.441667
0.56339 0.443333
0.561254 0.445
0.558405 0.445
0.558405 0.448333
0.560541 0.448333
0.561966 0.448333
0.564103 0.448333
0.566952 0.448333
0.569799 0.448333
0.572219 0.449806
0.573958 0.451667
0.576641 0.454482
0.574786 0.45667
0.573362 0.456667
0.57692 0.458333
0.578236 0.460261
0.575499 0.461667
0.579759 0.461667
0.580897 0.464034
0.582371 0.465
0.57906 0.465
0.576923 0.465
0.574074 0.465
0.57265 0.463333
0.571937 0.461667
0.569801 0.461667
0.569801 0.465
0.570513 0.468333
0.571937 0.47
0.573362 0.47
0.574786 0.47
0.576211 0.47
0.578348 0.471667
0.578348 0.468333
0.581197 0.468333
0.583333 0.468333
0.585022 0.4708
0.583333 0.471667
0.580484 0.473333
0.581909 0.473333
0.584046 0.475
0.586187 0.476893
0.584046 0.478333
0.581909 0.48
0.580484 0.48
0.583333 0.481667
0.584758 0.483307
0.586707 0.48359
0.583587 0.486337
0.581297 0.485435
0.57906 0.483028
0.577059 0.482259
0.574296 0.4791
0.576923 0.478333
0.57906 0.476667
0.576923 0.475
0.574074 0.475
0.571937 0.475971
0.570513 0.473003
0.569088 0.469831
0.567213 0.469008
0.561966 0.469703
0.560541 0.469997
0.559117 0.47
0.556981 0.471667
0.557692 0.475
0.559813 0.475
0.559424 0.479408
0.556979 0.481667
0.55697 0.485
0.556771 0.488333
0.554843 0.489997
0.556268 0.492762
0.554843 0.496365
0.553419 0.49666
0.551994 0.499997
0.553637 0.502743
0.551278 0.503323
0.549859 0.505
0.549858 0.508333
0.551428 0.510379
0.548436 0.511667
0.549837 0.515
0.549453 0.519449
0.547013 0.521667
0.548014 0.526066
0.544631 0.529029
0.546343 0.532603
0.545468 0.524255
0.545918 0.518333
0.547721 0.516663
0.546296 0.513603
0.547271 0.508333
0.547721 0.50366
0.548775 0.500801
0.549863 0.498333
0.551283 0.495
0.549145 0.493861
0.552707 0.491667
0.55057 0.490038
0.553419 0.486667
0.551706 0.486332
0.554843 0.483333
0.551994 0.480543
0.553419 0.480007
0.555557 0.478333
0.556979 0.476663
0.554232 0.475
0.554573 0.470553
0.556983 0.468333
0.558406 0.465
0.556268 0.463818
0.558409 0.461667
0.558425 0.458333
0.558431 0.455
0.561254 0.455
0.561254 0.458333
0.561254 0.461667
0.561252 0.465
0.563943 0.46573
0.566953 0.465
0.566952 0.461667
0.564103 0.461667
0.564103 0.458333
0.564103 0.455
0.566239 0.456667
0.568376 0.458333
0.571225 0.458333
0.571225 0.455
0.568376 0.455
0.569801 0.451667
0.567664 0.451667
0.565527 0.451667
0.562678 0.451667
0.559829 0.451667
0.557103 0.451667
0.554374 0.448333
0.556268 0.446667
0.554134 0.445
0.551994 0.443073
0.550056 0.441667
0.549859 0.438333
0.547721 0.436431
0.545886 0.435568
0.549145 0.435
0.551282 0.435
0.554131 0.435
0.556268 0.433333
0.554131 0.431667
0.551994 0.43
0.549858 0.428333
0.549858 0.431667
0.547721 0.43
0.546296 0.43
0.544331 0.431667
0.544872 0.428333
0.541961 0.427163
0.543105 0.422359
0.544872 0.42335
0.545936 0.419988
0.548325 0.421221
0.547009 0.425
0.549145 0.425
0.551124 0.424297
0.553678 0.426625
0.555534 0.428333
0.557692 0.430567
0.559632 0.431667
End
